Aux out [V]	Aux in [V]	PDH out [a.u.]
-9.6788E-1	7.4845E-1	-3.2000E+2
-9.6788E-1	7.4870E-1	-1.4000E+2
-9.6788E-1	7.4724E-1	-1.4900E+2
-9.6788E-1	7.4821E-1	-4.6900E+2
-9.6788E-1	7.4967E-1	-7.0000E+1
-9.6788E-1	7.4845E-1	-6.3800E+2
-9.6788E-1	7.4967E-1	-3.5000E+2
-9.6788E-1	7.4894E-1	-1.0000E+2
-9.6788E-1	7.4797E-1	-1.4500E+2
-9.6788E-1	7.4772E-1	-2.7400E+2
-9.6788E-1	7.4942E-1	-8.9000E+1
-9.6788E-1	7.4797E-1	-4.6300E+2
-9.6788E-1	7.4797E-1	-4.1200E+2
-9.6788E-1	7.4772E-1	-3.7200E+2
-9.6788E-1	7.4797E-1	-1.4700E+2
-9.6788E-1	7.4942E-1	-7.0000E+2
-9.6788E-1	7.4675E-1	-3.6000E+2
-9.6788E-1	7.4772E-1	-8.4200E+2
-9.6788E-1	7.4748E-1	-3.9500E+2
-9.6788E-1	7.4724E-1	-5.0700E+2
-9.6788E-1	7.4772E-1	-9.0900E+2
-9.6788E-1	7.4797E-1	-5.2500E+2
-9.6788E-1	7.5040E-1	-4.9700E+2
-9.6788E-1	7.4991E-1	1.9400E+2
-9.6788E-1	7.4699E-1	-5.7100E+2
-9.6788E-1	7.4845E-1	-3.2600E+2
-9.6788E-1	7.4772E-1	-4.4900E+2
-9.6788E-1	7.4821E-1	4.5900E+2
-9.6788E-1	7.4918E-1	-3.9600E+2
-9.6788E-1	7.4845E-1	-6.4600E+2
-9.6788E-1	7.4772E-1	-2.3600E+2
-9.6788E-1	7.4870E-1	-1.8500E+2
-9.6788E-1	7.4724E-1	-4.5600E+2
-9.6788E-1	7.4699E-1	-1.7800E+2
-9.6788E-1	7.4797E-1	-3.1300E+2
-9.6788E-1	7.4918E-1	-4.8900E+2
-9.6788E-1	7.4991E-1	-1.7500E+2
-9.6788E-1	7.4942E-1	-6.5500E+2
-9.6788E-1	7.4724E-1	3.7100E+2
-9.6788E-1	7.4797E-1	-3.3900E+2
-9.6788E-1	7.4942E-1	-1.8000E+1
-9.6788E-1	7.4651E-1	-1.0040E+3
-9.6788E-1	7.4797E-1	-1.6900E+2
-9.6788E-1	7.5015E-1	3.2800E+2
-9.6788E-1	7.4772E-1	-2.2500E+2
-9.6788E-1	7.4894E-1	1.8000E+1
-9.6788E-1	7.4918E-1	-6.8100E+2
-9.6788E-1	7.4821E-1	-5.1500E+2
-9.6788E-1	7.4894E-1	-4.9600E+2
-9.6788E-1	7.4797E-1	-6.2100E+2
-9.6788E-1	7.4675E-1	-4.6900E+2
-9.6788E-1	7.4724E-1	-6.3300E+2
-9.6788E-1	7.4918E-1	5.3000E+1
-9.6788E-1	7.4675E-1	-3.5900E+2
-9.6788E-1	7.4797E-1	-3.6500E+2
-9.6788E-1	7.4797E-1	4.1300E+2
-9.6788E-1	7.5015E-1	-7.9000E+1
-9.6788E-1	7.4699E-1	-2.8300E+2
-9.6788E-1	7.4797E-1	-8.0300E+2
-9.6788E-1	7.4699E-1	-9.7900E+2
-9.6788E-1	7.4772E-1	-8.6300E+2
-9.6788E-1	7.4772E-1	-2.2300E+2
-9.6788E-1	7.4651E-1	-6.5900E+2
-9.6788E-1	7.4699E-1	-4.6300E+2
-9.6788E-1	7.4772E-1	-2.0800E+2
-9.6788E-1	7.4724E-1	-5.3000E+2
-9.6788E-1	7.4772E-1	-6.8800E+2
-9.6788E-1	7.4699E-1	-4.8000E+2
-9.6788E-1	7.4772E-1	-9.1400E+2
-9.6788E-1	7.4894E-1	-2.7800E+2
-9.6788E-1	7.4748E-1	-6.9100E+2
-9.6788E-1	7.4870E-1	-2.2100E+2
-9.6788E-1	7.4797E-1	-3.9100E+2
-9.6788E-1	7.4991E-1	-5.7900E+2
-9.6788E-1	7.4748E-1	-7.5900E+2
-9.6788E-1	7.4894E-1	-4.1000E+1
-9.6788E-1	7.4894E-1	-5.5000E+2
-9.6788E-1	7.4845E-1	-2.9700E+2
-9.6788E-1	7.4699E-1	1.4500E+2
-9.6788E-1	7.4894E-1	-5.1900E+2
-9.6788E-1	7.4772E-1	-9.1800E+2
-9.6788E-1	7.4845E-1	-4.0700E+2
-9.6788E-1	7.4991E-1	1.3600E+2
-9.6788E-1	7.4918E-1	-8.7700E+2
-9.6788E-1	7.4918E-1	-5.3800E+2
-9.6788E-1	7.4870E-1	-5.5300E+2
-9.6788E-1	7.4724E-1	-2.1700E+2
-9.6788E-1	7.4821E-1	-3.1800E+2
-9.6788E-1	7.4942E-1	-9.3900E+2
-9.6788E-1	7.4967E-1	-4.2400E+2
-9.6788E-1	7.4821E-1	-2.5300E+2
-9.6788E-1	7.4870E-1	-5.5600E+2
-9.6788E-1	7.4942E-1	1.0700E+2
-9.6788E-1	7.4821E-1	5.2000E+1
-9.6788E-1	7.4870E-1	-5.3200E+2
-9.6788E-1	7.4772E-1	-2.0900E+2
-9.6694E-1	7.4748E-1	-4.8500E+2
-9.6505E-1	7.4870E-1	-4.2300E+2
-9.6294E-1	7.4870E-1	-5.7900E+2
-9.6105E-1	7.5015E-1	-4.5300E+2
-9.5917E-1	7.4797E-1	-7.0200E+2
-9.5729E-1	7.4724E-1	-9.1900E+2
-9.5541E-1	7.4967E-1	-7.8400E+2
-9.5329E-1	7.4651E-1	-4.9000E+2
-9.5141E-1	7.4651E-1	-2.9900E+2
-9.4952E-1	7.4602E-1	-6.8800E+2
-9.4764E-1	7.4748E-1	-1.3200E+2
-9.4576E-1	7.4699E-1	-4.6000E+1
-9.4388E-1	7.4699E-1	-4.9700E+2
-9.4176E-1	7.4578E-1	-2.5000E+2
-9.3988E-1	7.4457E-1	-9.9000E+1
-9.3799E-1	7.4651E-1	-6.1900E+2
-9.3611E-1	7.4578E-1	-9.9200E+2
-9.3423E-1	7.4578E-1	-4.6300E+2
-9.3211E-1	7.4384E-1	-2.8800E+2
-9.3023E-1	7.4384E-1	0.0000E+0
-9.2835E-1	7.4384E-1	-2.7500E+2
-9.2646E-1	7.4311E-1	5.7000E+1
-9.2458E-1	7.4238E-1	-5.1500E+2
-9.2246E-1	7.4044E-1	-4.8400E+2
-9.2058E-1	7.4116E-1	-4.3400E+2
-9.1870E-1	7.4214E-1	-6.9000E+2
-9.1682E-1	7.3995E-1	-1.3500E+2
-9.1493E-1	7.3995E-1	-5.7300E+2
-9.1282E-1	7.3849E-1	-7.7600E+2
-9.1093E-1	7.3728E-1	-4.0900E+2
-9.0905E-1	7.3582E-1	3.2800E+2
-9.0717E-1	7.3776E-1	3.9900E+2
-9.0529E-1	7.3412E-1	-5.5700E+2
-9.0317E-1	7.3436E-1	-6.7400E+2
-9.0128E-1	7.3388E-1	-8.4200E+2
-8.9940E-1	7.3169E-1	2.9000E+1
-8.9752E-1	7.3315E-1	-5.3200E+2
-8.9564E-1	7.3072E-1	2.4000E+1
-8.9375E-1	7.2877E-1	-1.3000E+2
-8.9164E-1	7.2853E-1	5.0000E+0
-8.8975E-1	7.2732E-1	-6.8200E+2
-8.8787E-1	7.2635E-1	2.9000E+1
-8.8599E-1	7.2343E-1	-3.3700E+2
-8.8411E-1	7.2124E-1	-2.8100E+2
-8.8199E-1	7.2052E-1	-5.5600E+2
-8.8011E-1	7.1906E-1	-4.4600E+2
-8.7822E-1	7.1493E-1	7.6000E+1
-8.7634E-1	7.1614E-1	-2.8000E+2
-8.7446E-1	7.1177E-1	-4.3200E+2
-8.7234E-1	7.1007E-1	-1.9700E+2
-8.7046E-1	7.0837E-1	-3.5600E+2
-8.6858E-1	7.0618E-1	-3.7700E+2
-8.6669E-1	7.0448E-1	-4.0500E+2
-8.6481E-1	7.0108E-1	3.0700E+2
-8.6269E-1	6.9962E-1	1.5000E+2
-8.6081E-1	6.9549E-1	-2.6900E+2
-8.5893E-1	6.9233E-1	-4.1900E+2
-8.5705E-1	6.8991E-1	-2.0400E+2
-8.5516E-1	6.8796E-1	-2.6700E+2
-8.5305E-1	6.8505E-1	-8.0100E+2
-8.5116E-1	6.8140E-1	-4.0600E+2
-8.4928E-1	6.7752E-1	-4.0200E+2
-8.4740E-1	6.7582E-1	1.7500E+2
-8.4552E-1	6.7193E-1	-6.8000E+1
-8.4363E-1	6.6707E-1	2.3000E+2
-8.4152E-1	6.6367E-1	3.8900E+2
-8.3963E-1	6.6173E-1	6.5000E+2
-8.3775E-1	6.5832E-1	2.2000E+2
-8.3587E-1	6.5298E-1	1.2100E+2
-8.3399E-1	6.5055E-1	2.0400E+2
-8.3187E-1	6.4618E-1	4.3800E+2
-8.2999E-1	6.4180E-1	-7.0000E+0
-8.2810E-1	6.3816E-1	5.7700E+2
-8.2622E-1	6.3282E-1	-2.4400E+2
-8.2434E-1	6.2893E-1	-5.4400E+2
-8.2222E-1	6.2553E-1	1.8400E+2
-8.2034E-1	6.1873E-1	2.1700E+2
-8.1846E-1	6.1727E-1	1.3300E+2
-8.1657E-1	6.1533E-1	-6.8200E+2
-8.1469E-1	6.1144E-1	1.2670E+3
-8.1257E-1	6.0294E-1	3.0800E+2
-8.1069E-1	5.9468E-1	-9.6000E+1
-8.0881E-1	5.8957E-1	7.5900E+2
-8.0692E-1	5.8642E-1	1.3000E+2
-8.0504E-1	5.8083E-1	-8.0000E+1
-8.0292E-1	5.7597E-1	1.5200E+2
-8.0104E-1	5.7257E-1	3.4000E+1
-7.9916E-1	5.7403E-1	-4.6300E+2
-7.9728E-1	5.6722E-1	8.1800E+2
-7.9539E-1	5.5848E-1	3.0000E+0
-7.9351E-1	5.5216E-1	5.3600E+2
-7.9139E-1	5.4706E-1	2.1900E+2
-7.8951E-1	5.4536E-1	1.3000E+1
-7.8763E-1	5.4779E-1	-2.9300E+2
-7.8575E-1	5.5556E-1	6.0100E+2
-7.8386E-1	5.3443E-1	8.6800E+2
-7.8175E-1	5.2471E-1	4.2400E+2
-7.7986E-1	5.2228E-1	-2.7200E+2
-7.7798E-1	5.1621E-1	-7.1000E+1
-7.7610E-1	5.1402E-1	9.0000E+1
-7.7422E-1	5.1378E-1	-5.6000E+1
-7.7210E-1	5.1864E-1	-4.3200E+2
-7.7022E-1	5.4099E-1	-2.9820E+3
-7.6833E-1	5.5386E-1	2.1350E+3
-7.6645E-1	5.1086E-1	5.4500E+2
-7.6457E-1	4.9677E-1	5.5400E+2
-7.6245E-1	4.9167E-1	1.1500E+2
-7.6057E-1	4.8560E-1	-4.7000E+2
-7.5869E-1	4.8341E-1	8.7000E+1
-7.5680E-1	4.8074E-1	-2.4100E+2
-7.5492E-1	4.7783E-1	-8.0000E+0
-7.5280E-1	4.7564E-1	-9.1400E+2
-7.5092E-1	4.7394E-1	5.1900E+2
-7.4904E-1	4.7442E-1	-9.0000E+0
-7.4716E-1	4.7321E-1	-1.1440E+3
-7.4527E-1	4.7151E-1	-5.2700E+2
-7.4339E-1	4.7467E-1	-3.1000E+2
-7.4127E-1	4.7880E-1	-3.7800E+2
-7.3939E-1	4.8268E-1	5.0500E+2
-7.3751E-1	4.7734E-1	-3.5300E+2
-7.3563E-1	4.7783E-1	-4.5000E+1
-7.3374E-1	4.7710E-1	-4.6800E+2
-7.3163E-1	4.8001E-1	-4.4500E+2
-7.2974E-1	4.8293E-1	-6.4100E+2
-7.2786E-1	4.8657E-1	-2.2300E+2
-7.2598E-1	4.8876E-1	-5.1100E+2
-7.2410E-1	4.9119E-1	-7.1300E+2
-7.2198E-1	4.9459E-1	-5.1800E+2
-7.2009E-1	4.9945E-1	-9.1500E+2
-7.1821E-1	5.0455E-1	-5.1500E+2
-7.1633E-1	5.0868E-1	-2.7200E+2
-7.1445E-1	5.1305E-1	-7.0700E+2
-7.1233E-1	5.1912E-1	-6.7600E+2
-7.1045E-1	5.2374E-1	-3.9600E+2
-7.0856E-1	5.2641E-1	-4.0800E+2
-7.0668E-1	5.3370E-1	-5.8600E+2
-7.0480E-1	5.3783E-1	-6.3500E+2
-7.0268E-1	5.4536E-1	-8.1000E+2
-7.0080E-1	5.4998E-1	-9.6400E+2
-6.9892E-1	5.5629E-1	-8.4100E+2
-6.9703E-1	5.6261E-1	-6.5700E+2
-6.9515E-1	5.6941E-1	-7.5500E+2
-6.9327E-1	5.7573E-1	-3.5000E+2
-6.9115E-1	5.8204E-1	-9.5500E+2
-6.8927E-1	5.8957E-1	-2.5700E+2
-6.8739E-1	5.9468E-1	-7.0900E+2
-6.8550E-1	5.9881E-1	-8.5300E+2
-6.8362E-1	6.0658E-1	-7.6800E+2
-6.8150E-1	6.1338E-1	-6.6300E+2
-6.7962E-1	6.1727E-1	-7.8000E+1
-6.7774E-1	6.2334E-1	-1.1380E+3
-6.7586E-1	6.2917E-1	-8.9600E+2
-6.7397E-1	6.3476E-1	-2.0500E+2
-6.7186E-1	6.3840E-1	-9.0200E+2
-6.6997E-1	6.4545E-1	-6.8600E+2
-6.6809E-1	6.5031E-1	-7.3000E+2
-6.6621E-1	6.5419E-1	-2.9600E+2
-6.6433E-1	6.5687E-1	-2.2700E+2
-6.6221E-1	6.6391E-1	-2.5600E+2
-6.6033E-1	6.6707E-1	-6.9500E+2
-6.5844E-1	6.6901E-1	-1.0950E+3
-6.5656E-1	6.7484E-1	-3.8300E+2
-6.5468E-1	6.7582E-1	-3.9900E+2
-6.5256E-1	6.8019E-1	-5.2600E+2
-6.5068E-1	6.8383E-1	-8.8600E+2
-6.4880E-1	6.8456E-1	-4.5500E+2
-6.4691E-1	6.8602E-1	-7.4100E+2
-6.4503E-1	6.8626E-1	-2.3900E+2
-6.4315E-1	6.8893E-1	-1.1100E+2
-6.4103E-1	6.8893E-1	-6.3600E+2
-6.3915E-1	6.9063E-1	-4.4100E+2
-6.3727E-1	6.9112E-1	-2.6900E+2
-6.3538E-1	6.9063E-1	1.7300E+2
-6.3350E-1	6.9015E-1	-5.3200E+2
-6.3138E-1	6.8772E-1	-6.2700E+2
-6.2950E-1	6.8796E-1	-3.9000E+2
-6.2762E-1	6.8578E-1	-5.6900E+2
-6.2573E-1	6.8359E-1	-5.9800E+2
-6.2385E-1	6.8189E-1	-7.3700E+2
-6.2173E-1	6.7654E-1	-4.9900E+2
-6.1985E-1	6.7630E-1	9.9000E+1
-6.1797E-1	6.7144E-1	1.6700E+2
-6.1609E-1	6.6658E-1	-2.5800E+2
-6.1420E-1	6.6148E-1	3.3900E+2
-6.1209E-1	6.5662E-1	4.5800E+2
-6.1020E-1	6.5249E-1	1.9900E+2
-6.0832E-1	6.4715E-1	-3.2200E+2
-6.0644E-1	6.4035E-1	6.0400E+2
-6.0456E-1	6.3379E-1	7.8700E+2
-6.0244E-1	6.2674E-1	3.9000E+2
-6.0056E-1	6.1800E-1	7.8500E+2
-5.9867E-1	6.0974E-1	7.2900E+2
-5.9679E-1	6.0221E-1	3.8500E+2
-5.9491E-1	5.9395E-1	2.6100E+2
-5.9303E-1	5.8472E-1	8.6400E+2
-5.9091E-1	5.7451E-1	1.3320E+3
-5.8903E-1	5.6528E-1	1.1500E+3
-5.8714E-1	5.5386E-1	1.3230E+3
-5.8526E-1	5.4390E-1	8.8500E+2
-5.8338E-1	5.3540E-1	1.1440E+3
-5.8126E-1	5.2277E-1	9.2100E+2
-5.7938E-1	5.1135E-1	1.1740E+3
-5.7750E-1	4.9945E-1	5.8500E+2
-5.7561E-1	4.8924E-1	6.6100E+2
-5.7373E-1	4.7904E-1	1.3600E+3
-5.7161E-1	4.6325E-1	1.2000E+3
-5.6973E-1	4.5353E-1	9.7800E+2
-5.6785E-1	4.4139E-1	8.1500E+2
-5.6597E-1	4.2924E-1	7.4800E+2
-5.6408E-1	4.1758E-1	8.5000E+2
-5.6197E-1	4.0519E-1	1.2290E+3
-5.6008E-1	3.9450E-1	7.2400E+2
-5.5820E-1	3.8284E-1	9.5900E+2
-5.5632E-1	3.7288E-1	9.4400E+2
-5.5444E-1	3.6073E-1	9.1600E+2
-5.5232E-1	3.5296E-1	1.2460E+3
-5.5043E-1	3.4178E-1	1.0400E+3
-5.4855E-1	3.3085E-1	7.0000E+2
-5.4667E-1	3.2259E-1	5.4300E+2
-5.4479E-1	3.1287E-1	5.0000E+2
-5.4291E-1	3.0534E-1	1.1280E+3
-5.4079E-1	2.9733E-1	8.3000E+2
-5.3890E-1	2.9368E-1	4.8300E+2
-5.3702E-1	2.8445E-1	1.1030E+3
-5.3514E-1	2.8008E-1	6.1800E+2
-5.3326E-1	2.7983E-1	-4.9600E+2
-5.3114E-1	2.7279E-1	9.1500E+2
-5.2926E-1	2.6380E-1	2.6700E+2
-5.2737E-1	2.6356E-1	-9.1200E+2
-5.2549E-1	2.6502E-1	6.4800E+2
-5.2361E-1	2.5603E-1	6.6900E+2
-5.2149E-1	2.5919E-1	-3.1700E+2
-5.1961E-1	2.8907E-1	-1.1460E+3
-5.1773E-1	2.5967E-1	7.0700E+2
-5.1584E-1	2.5336E-1	-6.3000E+1
-5.1396E-1	2.8591E-1	-3.1530E+3
-5.1184E-1	2.9052E-1	3.2920E+3
-5.0996E-1	2.4242E-1	6.4800E+2
-5.0808E-1	2.3198E-1	7.6000E+1
-5.0620E-1	2.2906E-1	7.9000E+1
-5.0431E-1	2.2469E-1	-1.7700E+2
-5.0220E-1	2.2809E-1	-6.8300E+2
-5.0031E-1	2.3368E-1	-2.4900E+2
-4.9843E-1	2.2833E-1	-4.0000E+0
-4.9655E-1	2.2785E-1	2.1100E+2
-4.9467E-1	2.2979E-1	-7.1000E+1
-4.9278E-1	2.3198E-1	-6.4300E+2
-4.9067E-1	2.3684E-1	-1.4500E+2
-4.8878E-1	2.3756E-1	-8.2800E+2
-4.8690E-1	2.4412E-1	-1.0500E+3
-4.8502E-1	2.4752E-1	-8.5400E+2
-4.8314E-1	2.5408E-1	-1.0630E+3
-4.8102E-1	2.6186E-1	-1.6400E+2
-4.7914E-1	2.6769E-1	3.6000E+1
-4.7725E-1	2.7425E-1	-8.2900E+2
-4.7537E-1	2.8226E-1	-7.1000E+1
-4.7349E-1	2.9052E-1	-8.4500E+2
-4.7137E-1	2.9781E-1	-5.0900E+2
-4.6949E-1	3.0777E-1	-9.9800E+2
-4.6761E-1	3.1627E-1	-9.9600E+2
-4.6572E-1	3.2599E-1	-1.1600E+3
-4.6384E-1	3.3620E-1	-4.5100E+2
-4.6172E-1	3.4616E-1	-8.6900E+2
-4.5984E-1	3.5733E-1	-1.1770E+3
-4.5796E-1	3.6996E-1	-8.8200E+2
-4.5607E-1	3.7919E-1	-1.4690E+3
-4.5419E-1	3.9110E-1	-6.9600E+2
-4.5207E-1	4.0397E-1	-1.1050E+3
-4.5019E-1	4.1515E-1	-1.3830E+3
-4.4831E-1	4.2851E-1	-1.0150E+3
-4.4643E-1	4.3944E-1	-1.1000E+3
-4.4454E-1	4.5086E-1	-5.2900E+2
-4.4266E-1	4.6374E-1	-1.5550E+3
-4.4054E-1	4.7612E-1	-1.0180E+3
-4.3866E-1	4.8851E-1	-1.0580E+3
-4.3678E-1	4.9969E-1	-7.2800E+2
-4.3490E-1	5.1135E-1	-1.4790E+3
-4.3301E-1	5.2325E-1	-9.8500E+2
-4.3090E-1	5.3540E-1	-5.6900E+2
-4.2901E-1	5.4487E-1	-6.1600E+2
-4.2713E-1	5.5702E-1	-1.1850E+3
-4.2525E-1	5.6747E-1	-1.6180E+3
-4.2337E-1	5.7961E-1	-1.1980E+3
-4.2125E-1	5.8763E-1	-8.7200E+2
-4.1937E-1	5.9832E-1	-5.9100E+2
-4.1748E-1	6.0634E-1	-8.1800E+2
-4.1560E-1	6.1630E-1	-1.2320E+3
-4.1372E-1	6.2504E-1	-1.2020E+3
-4.1160E-1	6.3355E-1	-1.0900E+3
-4.0972E-1	6.4010E-1	-5.8100E+2
-4.0784E-1	6.4691E-1	-9.7900E+2
-4.0595E-1	6.5347E-1	-1.1210E+3
-4.0407E-1	6.6124E-1	-7.1300E+2
-4.0195E-1	6.6683E-1	-3.5700E+2
-4.0007E-1	6.7096E-1	-2.6700E+2
-3.9819E-1	6.7752E-1	-1.0420E+3
-3.9631E-1	6.8286E-1	-1.2410E+3
-3.9442E-1	6.8748E-1	-6.8900E+2
-3.9254E-1	6.9161E-1	-8.9300E+2
-3.9042E-1	6.9671E-1	-5.4000E+2
-3.8854E-1	6.9889E-1	-7.4200E+2
-3.8666E-1	7.0205E-1	-1.1510E+3
-3.8478E-1	7.0448E-1	-1.4780E+3
-3.8289E-1	7.0861E-1	-6.2100E+2
-3.8078E-1	7.1128E-1	-1.0680E+3
-3.7889E-1	7.1250E-1	-4.1100E+2
-3.7701E-1	7.1639E-1	-4.6400E+2
-3.7513E-1	7.1857E-1	-6.3200E+2
-3.7325E-1	7.1930E-1	-4.2000E+2
-3.7113E-1	7.2052E-1	-6.8300E+2
-3.6924E-1	7.2489E-1	-4.8000E+2
-3.6736E-1	7.2294E-1	-1.0200E+3
-3.6548E-1	7.2513E-1	-2.9400E+2
-3.6360E-1	7.2537E-1	-6.5800E+2
-3.6148E-1	7.2707E-1	-5.2000E+1
-3.5960E-1	7.2659E-1	1.1700E+2
-3.5771E-1	7.2732E-1	-4.0100E+2
-3.5583E-1	7.2853E-1	-7.4300E+2
-3.5395E-1	7.2829E-1	-2.2100E+2
-3.5183E-1	7.2999E-1	-2.6600E+2
-3.4995E-1	7.3048E-1	-4.1400E+2
-3.4807E-1	7.3072E-1	-4.5700E+2
-3.4618E-1	7.2950E-1	-4.3000E+2
-3.4430E-1	7.2999E-1	-5.8100E+2
-3.4242E-1	7.3145E-1	-4.2200E+2
-3.4030E-1	7.3120E-1	4.6700E+2
-3.3842E-1	7.3120E-1	-3.1500E+2
-3.3654E-1	7.3096E-1	-6.5900E+2
-3.3465E-1	7.3290E-1	-7.7600E+2
-3.3277E-1	7.3145E-1	-1.9600E+2
-3.3065E-1	7.3242E-1	-6.1300E+2
-3.2877E-1	7.3169E-1	-1.4000E+1
-3.2689E-1	7.3242E-1	-9.7500E+2
-3.2501E-1	7.3242E-1	-4.4800E+2
-3.2312E-1	7.3145E-1	-5.1200E+2
-3.2101E-1	7.3290E-1	-5.4500E+2
-3.1912E-1	7.3242E-1	-1.4000E+2
-3.1724E-1	7.3290E-1	-8.3900E+2
-3.1536E-1	7.3218E-1	-4.7300E+2
-3.1348E-1	7.3193E-1	-7.0100E+2
-3.1136E-1	7.3145E-1	8.9000E+1
-3.0948E-1	7.3096E-1	-4.3300E+2
-3.0759E-1	7.3339E-1	-1.9400E+2
-3.0571E-1	7.3048E-1	-6.6300E+2
-3.0383E-1	7.3218E-1	-7.5700E+2
-3.0171E-1	7.3218E-1	-4.6700E+2
-2.9983E-1	7.3290E-1	-8.0500E+2
-2.9795E-1	7.3120E-1	-3.2400E+2
-2.9606E-1	7.3242E-1	-5.1400E+2
-2.9418E-1	7.3242E-1	-6.1700E+2
-2.9230E-1	7.3218E-1	-1.6500E+2
-2.9018E-1	7.3169E-1	-7.7800E+2
-2.8830E-1	7.3315E-1	-1.6400E+2
-2.8642E-1	7.3242E-1	-2.2300E+2
-2.8453E-1	7.3193E-1	-2.7200E+2
-2.8265E-1	7.3169E-1	6.9000E+1
-2.8053E-1	7.3096E-1	-2.6400E+2
-2.7865E-1	7.3266E-1	-1.3400E+2
-2.7677E-1	7.3120E-1	-9.1000E+1
-2.7488E-1	7.3169E-1	-1.2560E+3
-2.7300E-1	7.3120E-1	-1.2900E+2
-2.7088E-1	7.3145E-1	-2.9400E+2
-2.6900E-1	7.3242E-1	-4.0400E+2
-2.6712E-1	7.3048E-1	-2.6300E+2
-2.6524E-1	7.3072E-1	-5.1800E+2
-2.6335E-1	7.3218E-1	-7.7000E+1
-2.6124E-1	7.3120E-1	-6.9800E+2
-2.5935E-1	7.3096E-1	-1.2070E+3
-2.5747E-1	7.3169E-1	-5.6100E+2
-2.5559E-1	7.2999E-1	-4.5000E+1
-2.5371E-1	7.3218E-1	-5.3800E+2
-2.5159E-1	7.3145E-1	-1.2900E+2
-2.4971E-1	7.2853E-1	-2.7400E+2
-2.4782E-1	7.3169E-1	-6.5200E+2
-2.4594E-1	7.3023E-1	-1.9800E+2
-2.4406E-1	7.3048E-1	-7.1000E+2
-2.4218E-1	7.3169E-1	-1.6400E+2
-2.4006E-1	7.2975E-1	-3.3500E+2
-2.3818E-1	7.2975E-1	-6.6900E+2
-2.3629E-1	7.2975E-1	7.1000E+1
-2.3441E-1	7.2975E-1	-7.6500E+2
-2.3253E-1	7.3023E-1	-5.1800E+2
-2.3041E-1	7.2999E-1	-3.7500E+2
-2.2853E-1	7.3048E-1	-5.4000E+1
-2.2665E-1	7.3169E-1	-4.8000E+1
-2.2476E-1	7.2926E-1	-1.3500E+2
-2.2288E-1	7.3072E-1	-1.2300E+2
-2.2076E-1	7.2950E-1	-5.7400E+2
-2.1888E-1	7.3145E-1	-1.5200E+2
-2.1700E-1	7.2975E-1	-2.0000E+0
-2.1512E-1	7.3048E-1	-4.3400E+2
-2.1323E-1	7.2950E-1	-5.0400E+2
-2.1112E-1	7.2999E-1	-3.0100E+2
-2.0923E-1	7.2975E-1	-2.2000E+2
-2.0735E-1	7.3023E-1	-3.2000E+1
-2.0547E-1	7.2950E-1	-5.6700E+2
-2.0359E-1	7.3096E-1	-3.8600E+2
-2.0147E-1	7.2975E-1	-3.9000E+1
-1.9959E-1	7.2877E-1	-3.1100E+2
-1.9770E-1	7.3023E-1	-2.3900E+2
-1.9582E-1	7.3048E-1	-1.8300E+2
-1.9394E-1	7.2853E-1	3.4800E+2
-1.9206E-1	7.2999E-1	-2.5000E+2
-1.8994E-1	7.2975E-1	-2.3000E+1
-1.8817E-1	7.2829E-1	1.0000E+1
-1.8629E-1	7.2999E-1	-2.4000E+1
-1.8441E-1	7.2829E-1	-6.5400E+2
-1.8253E-1	7.2877E-1	-1.8000E+1
-1.8041E-1	7.2950E-1	-4.1300E+2
-1.7852E-1	7.3072E-1	-3.8700E+2
-1.7664E-1	7.3072E-1	-7.3300E+2
-1.7476E-1	7.3072E-1	-3.5000E+1
-1.7288E-1	7.2877E-1	-4.6000E+1
-1.7076E-1	7.2902E-1	-7.0300E+2
-1.6888E-1	7.2902E-1	-8.1200E+2
-1.6699E-1	7.2902E-1	-1.0520E+3
-1.6511E-1	7.2975E-1	-2.3600E+2
-1.6323E-1	7.2877E-1	-2.5500E+2
-1.6111E-1	7.2780E-1	-5.0500E+2
-1.5923E-1	7.2902E-1	-4.3600E+2
-1.5735E-1	7.3023E-1	-7.8100E+2
-1.5546E-1	7.2902E-1	2.7000E+2
-1.5358E-1	7.2975E-1	-6.4400E+2
-1.5146E-1	7.2926E-1	-1.1990E+3
-1.4958E-1	7.3048E-1	-6.3600E+2
-1.4770E-1	7.2999E-1	-3.6400E+2
-1.4582E-1	7.2902E-1	-7.4300E+2
-1.4393E-1	7.2902E-1	-7.4700E+2
-1.4205E-1	7.3048E-1	2.9000E+1
-1.3993E-1	7.2975E-1	-7.2900E+2
-1.3805E-1	7.2902E-1	-6.5600E+2
-1.3617E-1	7.2829E-1	-5.7300E+2
-1.3429E-1	7.2853E-1	-3.7800E+2
-1.3240E-1	7.2805E-1	-6.0100E+2
-1.3029E-1	7.2853E-1	-3.6400E+2
-1.2840E-1	7.2950E-1	-6.7000E+2
-1.2652E-1	7.2926E-1	6.0700E+2
-1.2464E-1	7.2805E-1	-5.5200E+2
-1.2276E-1	7.2999E-1	-1.8200E+2
-1.2064E-1	7.2877E-1	-4.5300E+2
-1.1876E-1	7.2877E-1	-3.3100E+2
-1.1687E-1	7.2877E-1	-7.6400E+2
-1.1499E-1	7.2877E-1	-2.1400E+2
-1.1311E-1	7.2999E-1	-7.9300E+2
-1.1099E-1	7.2853E-1	-4.0100E+2
-1.0911E-1	7.2707E-1	-5.3800E+2
-1.0723E-1	7.2853E-1	-7.2000E+2
-1.0534E-1	7.2805E-1	-5.0600E+2
-1.0346E-1	7.2805E-1	-7.7700E+2
-1.0134E-1	7.2732E-1	-5.7600E+2
-9.9460E-2	7.2756E-1	-4.3600E+2
-9.7578E-2	7.2707E-1	-8.4700E+2
-9.5695E-2	7.2683E-1	-5.7800E+2
-9.3813E-2	7.2562E-1	5.7000E+1
-9.1930E-2	7.2780E-1	-9.2000E+1
-8.9812E-2	7.2707E-1	-1.0300E+3
-8.7930E-2	7.2732E-1	-7.0000E+2
-8.6047E-2	7.2829E-1	1.3000E+2
-8.4165E-2	7.2707E-1	-4.0600E+2
-8.2282E-2	7.2610E-1	-3.0200E+2
-8.0165E-2	7.2683E-1	-2.8600E+2
-7.8282E-2	7.2732E-1	-2.6400E+2
-7.6400E-2	7.2780E-1	-1.0200E+2
-7.4517E-2	7.2683E-1	-2.5200E+2
-7.2635E-2	7.2707E-1	-1.5800E+2
-7.0517E-2	7.2537E-1	-1.8500E+2
-6.8634E-2	7.2465E-1	-3.8300E+2
-6.6752E-2	7.2489E-1	1.1200E+2
-6.4869E-2	7.2465E-1	5.1100E+2
-6.2987E-2	7.2513E-1	-9.1600E+2
-6.0869E-2	7.2513E-1	-3.5000E+1
-5.8986E-2	7.2270E-1	-7.2700E+2
-5.7104E-2	7.2367E-1	-1.1800E+2
-5.5221E-2	7.2367E-1	-4.9700E+2
-5.3339E-2	7.2197E-1	2.0000E+0
-5.1221E-2	7.2173E-1	-3.0000E+1
-4.9339E-2	7.2027E-1	-5.0600E+2
-4.7456E-2	7.1954E-1	-5.0900E+2
-4.5574E-2	7.1954E-1	-5.8000E+1
-4.3691E-2	7.1906E-1	9.7000E+1
-4.1809E-2	7.1614E-1	-3.0400E+2
-3.9691E-2	7.1639E-1	-2.9500E+2
-3.7808E-2	7.1468E-1	-1.9700E+2
-3.5926E-2	7.1444E-1	-7.1500E+2
-3.4043E-2	7.1080E-1	-1.6800E+2
-3.2161E-2	7.0958E-1	3.6000E+1
-3.0043E-2	7.0837E-1	-1.7900E+2
-2.8161E-2	7.0691E-1	7.7700E+2
-2.6278E-2	7.0302E-1	-2.3000E+1
-2.4396E-2	7.0157E-1	3.8400E+2
-2.2513E-2	7.0035E-1	5.4300E+2
-2.0395E-2	6.9671E-1	-7.7000E+2
-1.8513E-2	6.9258E-1	4.2900E+2
-1.6630E-2	6.8942E-1	1.6500E+2
-1.4748E-2	6.8480E-1	-4.0700E+2
-1.2865E-2	6.8067E-1	-3.8900E+2
-1.0748E-2	6.7800E-1	8.1900E+2
-8.8651E-3	6.7436E-1	3.3300E+2
-6.9826E-3	6.7023E-1	5.8100E+2
-5.1001E-3	6.6513E-1	6.7300E+2
-3.2176E-3	6.5808E-1	1.0100E+2
-1.0998E-3	6.5249E-1	3.8900E+2
7.8272E-4	6.4764E-1	6.2700E+2
2.6652E-3	6.4253E-1	9.3900E+2
4.5477E-3	6.3525E-1	2.2400E+2
6.4302E-3	6.3063E-1	7.3900E+2
8.3127E-3	6.2334E-1	7.3200E+2
1.0430E-2	6.1508E-1	7.2100E+2
1.2313E-2	6.0974E-1	6.7600E+2
1.4195E-2	6.0051E-1	4.6200E+2
1.6078E-2	5.9346E-1	7.2900E+2
1.7960E-2	5.8496E-1	9.1100E+2
2.0078E-2	5.7694E-1	9.0900E+2
2.1961E-2	5.6917E-1	9.2400E+2
2.3843E-2	5.6115E-1	1.2450E+3
2.5726E-2	5.5192E-1	1.1650E+3
2.7608E-2	5.4245E-1	7.0000E+2
2.9726E-2	5.3540E-1	1.1210E+3
3.1609E-2	5.2520E-1	8.2100E+2
3.3491E-2	5.1791E-1	9.7800E+2
3.5374E-2	5.0795E-1	1.8660E+3
3.7256E-2	5.0139E-1	1.4290E+3
3.9374E-2	4.9313E-1	9.2800E+2
4.1256E-2	4.8438E-1	1.6440E+3
4.3139E-2	4.7685E-1	1.1580E+3
4.5021E-2	4.6859E-1	1.3350E+3
4.6904E-2	4.6131E-1	1.5530E+3
4.9022E-2	4.5402E-1	1.1840E+3
5.0904E-2	4.4794E-1	1.1830E+3
5.2787E-2	4.4041E-1	1.2330E+3
5.4669E-2	4.3507E-1	1.1460E+3
5.6552E-2	4.2900E-1	1.4190E+3
5.8434E-2	4.2341E-1	1.2350E+3
6.0552E-2	4.1855E-1	3.2800E+2
6.2434E-2	4.1272E-1	7.8900E+2
6.4317E-2	4.1126E-1	5.3900E+2
6.6199E-2	4.0713E-1	1.0230E+3
6.8082E-2	4.0349E-1	5.6900E+2
7.0200E-2	4.0179E-1	5.8600E+2
7.2082E-2	4.0276E-1	9.7600E+2
7.3965E-2	4.0203E-1	7.4000E+2
7.5847E-2	4.0592E-1	5.8200E+2
7.7730E-2	4.2025E-1	-9.0000E+2
7.9847E-2	4.2972E-1	1.6450E+3
8.1730E-2	4.2802E-1	-4.7200E+2
8.3612E-2	4.3337E-1	6.8000E+1
8.5495E-2	4.5718E-1	6.1800E+2
8.7377E-2	4.4697E-1	-1.1510E+3
8.9495E-2	4.3215E-1	2.3390E+3
9.1378E-2	4.1661E-1	1.0480E+3
9.3260E-2	4.2025E-1	-1.1200E+2
9.5143E-2	4.2074E-1	1.2950E+3
9.7025E-2	4.1418E-1	1.7300E+2
9.9143E-2	4.1466E-1	7.4900E+2
1.0103E-1	4.1709E-1	-5.8000E+1
1.0291E-1	4.2122E-1	2.3400E+2
1.0479E-1	4.2778E-1	8.2000E+1
1.0667E-1	4.2827E-1	2.3600E+2
1.0856E-1	4.3434E-1	-5.0000E+1
1.1067E-1	4.3847E-1	3.1500E+2
1.1256E-1	4.4649E-1	-7.6100E+2
1.1444E-1	4.5183E-1	-2.9700E+2
1.1632E-1	4.5863E-1	-2.5800E+2
1.1820E-1	4.6665E-1	-7.9800E+2
1.2032E-1	4.7321E-1	-1.8800E+2
1.2220E-1	4.8147E-1	-6.2800E+2
1.2409E-1	4.8608E-1	-9.1000E+1
1.2597E-1	4.9677E-1	-4.4900E+2
1.2785E-1	5.0479E-1	-5.8500E+2
1.2997E-1	5.1354E-1	-6.0600E+2
1.3185E-1	5.2131E-1	-2.7900E+2
1.3373E-1	5.2884E-1	-4.6000E+2
1.3562E-1	5.3880E-1	-3.6200E+2
1.3750E-1	5.4706E-1	-6.7700E+2
1.3962E-1	5.5654E-1	-3.3300E+2
1.4150E-1	5.6455E-1	-7.6400E+2
1.4338E-1	5.7281E-1	-9.3500E+2
1.4526E-1	5.7864E-1	-5.8500E+2
1.4715E-1	5.8909E-1	-7.6000E+2
1.4926E-1	5.9662E-1	-8.6000E+2
1.5115E-1	6.0415E-1	-7.2000E+2
1.5303E-1	6.1095E-1	-9.2200E+2
1.5491E-1	6.1727E-1	-5.4700E+2
1.5679E-1	6.2504E-1	-8.1100E+2
1.5868E-1	6.3112E-1	-3.4300E+2
1.6079E-1	6.3792E-1	-9.1200E+2
1.6268E-1	6.4448E-1	-1.0940E+3
1.6456E-1	6.5031E-1	-4.5700E+2
1.6644E-1	6.5444E-1	-9.9300E+2
1.6832E-1	6.6027E-1	-4.9800E+2
1.7044E-1	6.6440E-1	-5.3800E+2
1.7232E-1	6.6999E-1	-8.6400E+2
1.7421E-1	6.7630E-1	-7.9300E+2
1.7609E-1	6.7849E-1	-6.9400E+2
1.7797E-1	6.8237E-1	-5.5100E+2
1.8009E-1	6.8748E-1	-2.0800E+2
1.8197E-1	6.9088E-1	-8.8500E+2
1.8386E-1	6.9379E-1	-2.2800E+2
1.8574E-1	6.9476E-1	-6.1800E+2
1.8762E-1	6.9865E-1	-2.9400E+2
1.8974E-1	7.0205E-1	-9.4600E+2
1.9162E-1	7.0278E-1	-1.3890E+3
1.9350E-1	7.0497E-1	-2.1200E+2
1.9539E-1	7.1007E-1	-5.7000E+2
1.9727E-1	7.1153E-1	-5.6100E+2
1.9939E-1	7.1128E-1	-1.9800E+2
2.0127E-1	7.1128E-1	-8.9800E+2
2.0315E-1	7.1420E-1	-4.8200E+2
2.0503E-1	7.1639E-1	-5.6700E+2
2.0692E-1	7.1590E-1	-8.8900E+2
2.0880E-1	7.1833E-1	-6.0200E+2
2.1092E-1	7.1784E-1	-8.4200E+2
2.1280E-1	7.1930E-1	-1.8600E+2
2.1468E-1	7.1979E-1	-7.0300E+2
2.1656E-1	7.1930E-1	1.3000E+1
2.1845E-1	7.2124E-1	-2.3900E+2
2.2056E-1	7.2052E-1	-1.6200E+2
2.2245E-1	7.2270E-1	-5.9800E+2
2.2433E-1	7.2465E-1	-3.0700E+2
2.2621E-1	7.2392E-1	-1.0290E+3
2.2809E-1	7.2416E-1	-8.0000E+1
2.3021E-1	7.2392E-1	-1.4000E+1
2.3209E-1	7.2537E-1	-2.4300E+2
2.3398E-1	7.2513E-1	-1.0540E+3
2.3586E-1	7.2416E-1	-7.6000E+1
2.3774E-1	7.2659E-1	-3.0900E+2
2.3986E-1	7.2392E-1	-1.1600E+2
2.4174E-1	7.2489E-1	-2.0100E+2
2.4362E-1	7.2562E-1	-5.8900E+2
2.4551E-1	7.2610E-1	-9.4000E+1
2.4739E-1	7.2586E-1	-5.3700E+2
2.4951E-1	7.2732E-1	-2.6000E+2
2.5139E-1	7.2465E-1	-4.2700E+2
2.5327E-1	7.2537E-1	-6.5700E+2
2.5515E-1	7.2562E-1	-7.5700E+2
2.5704E-1	7.2440E-1	-2.4400E+2
2.5892E-1	7.2586E-1	-7.4000E+1
2.6104E-1	7.2610E-1	5.3000E+1
2.6292E-1	7.2489E-1	-4.2500E+2
2.6480E-1	7.2610E-1	-7.0800E+2
2.6668E-1	7.2635E-1	-5.5500E+2
2.6857E-1	7.2683E-1	-3.4100E+2
2.7069E-1	7.2586E-1	-4.0000E+2
2.7257E-1	7.2683E-1	-7.7800E+2
2.7445E-1	7.2537E-1	-1.0800E+2
2.7633E-1	7.2707E-1	-2.6500E+2
2.7822E-1	7.2562E-1	-3.1800E+2
2.8033E-1	7.2489E-1	0.0000E+0
2.8222E-1	7.2586E-1	-1.0050E+3
2.8410E-1	7.2537E-1	-3.2600E+2
2.8598E-1	7.2586E-1	-7.3800E+2
2.8786E-1	7.2562E-1	-1.9700E+2
2.8998E-1	7.2683E-1	-4.1000E+2
2.9186E-1	7.2659E-1	-2.2000E+2
2.9375E-1	7.2537E-1	-4.1800E+2
2.9563E-1	7.2562E-1	-7.0800E+2
2.9751E-1	7.2513E-1	-9.3000E+1
2.9963E-1	7.2537E-1	-4.4000E+1
3.0151E-1	7.2537E-1	-2.2600E+2
3.0339E-1	7.2659E-1	-3.3800E+2
3.0528E-1	7.2586E-1	-6.4500E+2
3.0716E-1	7.2610E-1	-3.3600E+2
3.0904E-1	7.2489E-1	-4.0300E+2
3.1116E-1	7.2683E-1	-3.4800E+2
3.1304E-1	7.2780E-1	-7.9900E+2
3.1492E-1	7.2683E-1	-7.5300E+2
3.1681E-1	7.2756E-1	-1.9700E+2
3.1869E-1	7.2537E-1	-3.4500E+2
3.2081E-1	7.2562E-1	-4.0100E+2
3.2269E-1	7.2610E-1	-5.7200E+2
3.2457E-1	7.2537E-1	1.5700E+2
3.2645E-1	7.2829E-1	-5.8600E+2
3.2834E-1	7.2707E-1	-5.7900E+2
3.3045E-1	7.2683E-1	-1.0000E+0
3.3234E-1	7.2319E-1	-2.8500E+2
3.3422E-1	7.2635E-1	-9.5500E+2
3.3610E-1	7.2562E-1	-3.2000E+1
3.3798E-1	7.2683E-1	-7.3600E+2
3.4010E-1	7.2659E-1	-8.2600E+2
3.4198E-1	7.2610E-1	-8.9000E+1
3.4387E-1	7.2586E-1	-1.5700E+2
3.4575E-1	7.2683E-1	-2.1000E+2
3.4763E-1	7.2513E-1	-2.6000E+1
3.4975E-1	7.2780E-1	-2.7900E+2
3.5163E-1	7.2683E-1	-2.5100E+2
3.5351E-1	7.2586E-1	-4.3600E+2
3.5540E-1	7.2635E-1	-5.0100E+2
3.5728E-1	7.2756E-1	-2.6100E+2
3.5916E-1	7.2635E-1	-6.2700E+2
3.6128E-1	7.2610E-1	-6.2000E+2
3.6316E-1	7.2537E-1	-4.2400E+2
3.6505E-1	7.2635E-1	-2.8500E+2
3.6693E-1	7.2805E-1	-3.7300E+2
3.6881E-1	7.2586E-1	-1.4500E+2
3.7093E-1	7.2707E-1	-4.1900E+2
3.7281E-1	7.2756E-1	-7.5000E+2
3.7469E-1	7.2465E-1	-4.0800E+2
3.7658E-1	7.2780E-1	-7.7400E+2
3.7846E-1	7.2610E-1	-5.0600E+2
3.8058E-1	7.2683E-1	-6.7400E+2
3.8246E-1	7.2635E-1	-4.2400E+2
3.8434E-1	7.2586E-1	-4.6200E+2
3.8622E-1	7.2756E-1	2.0200E+2
3.8811E-1	7.2586E-1	9.7000E+1
3.9022E-1	7.2586E-1	-2.5800E+2
3.9211E-1	7.2562E-1	-3.1400E+2
3.9399E-1	7.2562E-1	-5.7800E+2
3.9587E-1	7.2635E-1	-6.2500E+2
3.9775E-1	7.2586E-1	-3.5000E+2
3.9987E-1	7.2659E-1	-6.4600E+2
4.0175E-1	7.2537E-1	-9.0400E+2
4.0364E-1	7.2805E-1	-6.1300E+2
4.0552E-1	7.2537E-1	-4.8300E+2
4.0740E-1	7.2635E-1	-2.8200E+2
4.0928E-1	7.2562E-1	-3.6300E+2
4.1140E-1	7.2707E-1	-7.2700E+2
4.1328E-1	7.2635E-1	-3.8500E+2
4.1517E-1	7.2440E-1	-3.1500E+2
4.1705E-1	7.2513E-1	-3.6800E+2
4.1893E-1	7.2440E-1	7.2500E+2
4.2105E-1	7.2537E-1	-4.7200E+2
4.2293E-1	7.2537E-1	-5.1000E+2
4.2481E-1	7.2489E-1	-3.2600E+2
4.2670E-1	7.2537E-1	-4.3000E+2
4.2858E-1	7.2465E-1	2.7000E+1
4.3070E-1	7.2440E-1	-7.0200E+2
4.3258E-1	7.2392E-1	-1.3000E+2
4.3446E-1	7.2610E-1	-4.7400E+2
4.3634E-1	7.2513E-1	-7.7300E+2
4.3823E-1	7.2343E-1	5.4000E+2
4.4035E-1	7.2416E-1	-3.3800E+2
4.4223E-1	7.2319E-1	-3.6800E+2
4.4411E-1	7.2294E-1	-9.2000E+2
4.4599E-1	7.2294E-1	-5.1800E+2
4.4787E-1	7.2343E-1	-5.2700E+2
4.4999E-1	7.2149E-1	-1.0740E+3
4.5188E-1	7.2222E-1	-1.2900E+2
4.5376E-1	7.2149E-1	-4.7200E+2
4.5564E-1	7.1930E-1	-1.3800E+2
4.5752E-1	7.1930E-1	-4.7100E+2
4.5941E-1	7.1954E-1	-2.2200E+2
4.6152E-1	7.1833E-1	-3.3900E+2
4.6341E-1	7.1590E-1	-8.7000E+1
4.6529E-1	7.1663E-1	4.4900E+2
4.6717E-1	7.1420E-1	-9.5700E+2
4.6905E-1	7.1396E-1	-3.3100E+2
4.7117E-1	7.1590E-1	-2.9400E+2
4.7305E-1	7.1104E-1	-5.0400E+2
4.7494E-1	7.1226E-1	-3.3900E+2
4.7682E-1	7.0910E-1	-1.3900E+2
4.7870E-1	7.0861E-1	-9.4000E+1
4.8082E-1	7.0715E-1	3.0800E+2
4.8270E-1	7.0521E-1	-6.6800E+2
4.8458E-1	7.0157E-1	-1.6900E+2
4.8647E-1	7.0132E-1	1.0300E+2
4.8835E-1	6.9792E-1	-3.2700E+2
4.9047E-1	6.9695E-1	-8.4000E+1
4.9235E-1	6.9476E-1	9.8000E+1
4.9423E-1	6.9185E-1	-3.8700E+2
4.9611E-1	6.9063E-1	-4.8400E+2
4.9800E-1	6.8796E-1	-1.8700E+2
5.0011E-1	6.8408E-1	-3.7900E+2
5.0200E-1	6.8359E-1	-4.2500E+2
5.0388E-1	6.8067E-1	-2.2600E+2
5.0576E-1	6.7776E-1	-7.5000E+1
5.0764E-1	6.7460E-1	-9.9000E+1
5.0953E-1	6.7387E-1	-1.3500E+2
5.1164E-1	6.6756E-1	-1.1600E+2
5.1353E-1	6.6586E-1	-6.1000E+1
5.1541E-1	6.6173E-1	1.0500E+2
5.1729E-1	6.5857E-1	7.5300E+2
5.1917E-1	6.5590E-1	-4.1700E+2
5.2129E-1	6.5371E-1	8.8900E+2
5.2317E-1	6.4982E-1	9.6000E+1
5.2506E-1	6.4812E-1	-2.6500E+2
5.2694E-1	6.4278E-1	-5.7100E+2
5.2882E-1	6.4205E-1	-1.6900E+2
5.3094E-1	6.3865E-1	-2.2400E+2
5.3282E-1	6.3525E-1	1.8800E+2
5.3471E-1	6.3330E-1	1.1900E+2
5.3659E-1	6.2990E-1	-1.1000E+1
5.3847E-1	6.2917E-1	4.2400E+2
5.4059E-1	6.2529E-1	-3.5000E+2
5.4247E-1	6.2140E-1	-1.7000E+2
5.4435E-1	6.1897E-1	-7.6000E+1
5.4624E-1	6.1848E-1	-3.2400E+2
5.4812E-1	6.1605E-1	-1.0000E+2
5.5024E-1	6.1411E-1	-4.9400E+2
5.5212E-1	6.1508E-1	7.0000E+1
5.5400E-1	6.1217E-1	-7.2300E+2
5.5588E-1	6.1411E-1	-9.7000E+1
5.5777E-1	6.1800E-1	-3.3300E+2
5.5965E-1	6.1120E-1	1.3000E+1
5.6177E-1	6.0949E-1	-3.3000E+1
5.6365E-1	6.1362E-1	-4.7100E+2
5.6553E-1	6.1484E-1	1.5900E+2
5.6741E-1	6.1168E-1	-3.1000E+1
5.6930E-1	6.1217E-1	-5.2000E+1
5.7141E-1	6.1435E-1	-8.6200E+2
5.7330E-1	6.2043E-1	1.2100E+2
5.7518E-1	6.1630E-1	-2.8800E+2
5.7706E-1	6.1581E-1	-5.5300E+2
5.7894E-1	6.2723E-1	-1.3590E+3
5.8106E-1	6.2844E-1	2.8600E+2
5.8294E-1	6.1824E-1	-4.0000E+1
5.8483E-1	6.1654E-1	1.7600E+2
5.8671E-1	6.1678E-1	-2.8500E+2
5.8859E-1	6.1727E-1	-2.4800E+2
5.9071E-1	6.1897E-1	-4.0200E+2
5.9259E-1	6.2188E-1	-6.9700E+2
5.9447E-1	6.2990E-1	-7.7600E+2
5.9636E-1	6.2990E-1	1.4800E+2
5.9824E-1	6.2820E-1	5.7000E+1
6.0036E-1	6.2990E-1	-2.6300E+2
6.0224E-1	6.3014E-1	-6.1900E+2
6.0412E-1	6.3233E-1	-9.1700E+2
6.0600E-1	6.3233E-1	3.6400E+2
6.0789E-1	6.3792E-1	-3.6900E+2
6.0977E-1	6.3792E-1	-5.2200E+2
6.1189E-1	6.4156E-1	-4.8000E+1
6.1377E-1	6.4569E-1	9.1000E+1
6.1565E-1	6.4739E-1	-8.6900E+2
6.1753E-1	6.5079E-1	-9.8600E+2
6.1942E-1	6.5322E-1	-1.0520E+3
6.2154E-1	6.5590E-1	-7.7200E+2
6.2342E-1	6.5930E-1	-4.5000E+2
6.2530E-1	6.6294E-1	-6.4200E+2
6.2718E-1	6.6294E-1	-8.3700E+2
6.2907E-1	6.6926E-1	-1.3600E+2
6.3118E-1	6.7071E-1	-1.5900E+2
6.3307E-1	6.7363E-1	-7.2300E+2
6.3495E-1	6.7679E-1	-8.1200E+2
6.3683E-1	6.7946E-1	-5.8800E+2
6.3871E-1	6.8335E-1	-7.5100E+2
6.4083E-1	6.8383E-1	-2.3100E+2
6.4271E-1	6.8626E-1	-6.2500E+2
6.4460E-1	6.8942E-1	-5.8300E+2
6.4648E-1	6.9185E-1	-6.1800E+2
6.4836E-1	6.9379E-1	1.6100E+2
6.5048E-1	6.9622E-1	-6.9200E+2
6.5236E-1	6.9695E-1	-7.3300E+2
6.5424E-1	7.0084E-1	-1.0060E+3
6.5613E-1	7.0132E-1	-4.2900E+2
6.5801E-1	7.0448E-1	-4.8600E+2
6.5989E-1	7.0375E-1	-2.9500E+2
6.6201E-1	7.0691E-1	-5.5600E+2
6.6389E-1	7.0788E-1	-5.4200E+2
6.6577E-1	7.0715E-1	1.3800E+2
6.6766E-1	7.1128E-1	-2.4800E+2
6.6954E-1	7.1177E-1	5.6400E+2
6.7166E-1	7.1396E-1	-6.2400E+2
6.7354E-1	7.1444E-1	-6.4200E+2
6.7542E-1	7.1566E-1	-3.2800E+2
6.7730E-1	7.1711E-1	-7.8300E+2
6.7919E-1	7.1687E-1	-9.8700E+2
6.8130E-1	7.1639E-1	-1.0500E+2
6.8319E-1	7.1857E-1	-1.0500E+2
6.8507E-1	7.1857E-1	-7.3300E+2
6.8695E-1	7.1954E-1	-7.8400E+2
6.8883E-1	7.1979E-1	-5.9000E+2
6.9095E-1	7.2100E-1	-7.2400E+2
6.9283E-1	7.2246E-1	-3.5000E+2
6.9472E-1	7.2319E-1	-3.0900E+2
6.9660E-1	7.2124E-1	-8.6000E+1
6.9848E-1	7.2246E-1	-5.4600E+2
7.0060E-1	7.2222E-1	-7.4400E+2
7.0248E-1	7.2343E-1	-8.0000E+2
7.0436E-1	7.2367E-1	-3.0200E+2
7.0625E-1	7.2294E-1	-4.9100E+2
7.0813E-1	7.2392E-1	9.4000E+1
7.1001E-1	7.2392E-1	-3.2300E+2
7.1213E-1	7.2489E-1	1.1600E+2
7.1401E-1	7.2562E-1	-4.4500E+2
7.1590E-1	7.2416E-1	-7.6300E+2
7.1778E-1	7.2562E-1	-1.1600E+2
7.1966E-1	7.2537E-1	-1.9700E+2
7.2178E-1	7.2562E-1	-5.5300E+2
7.2366E-1	7.2489E-1	-4.5800E+2
7.2554E-1	7.2537E-1	-1.3200E+2
7.2743E-1	7.2416E-1	-6.9600E+2
7.2931E-1	7.2635E-1	1.7700E+2
7.3143E-1	7.2416E-1	-6.9000E+2
7.3331E-1	7.2513E-1	-9.1000E+2
7.3519E-1	7.2513E-1	-2.8400E+2
7.3707E-1	7.2659E-1	-1.0060E+3
7.3896E-1	7.2562E-1	-1.0760E+3
7.4107E-1	7.2683E-1	-8.9300E+2
7.4296E-1	7.2635E-1	-8.7200E+2
7.4484E-1	7.2562E-1	-8.7100E+2
7.4672E-1	7.2562E-1	2.2700E+2
7.4860E-1	7.2440E-1	2.1000E+1
7.5072E-1	7.2732E-1	-1.5600E+2
7.5260E-1	7.2805E-1	-6.6500E+2
7.5449E-1	7.2635E-1	-5.9800E+2
7.5637E-1	7.2513E-1	7.2000E+1
7.5825E-1	7.2440E-1	-7.8500E+2
7.6013E-1	7.2756E-1	-2.3700E+2
7.6225E-1	7.2610E-1	-5.7900E+2
7.6413E-1	7.2537E-1	-5.3500E+2
7.6602E-1	7.2610E-1	-1.0000E+0
7.6790E-1	7.2659E-1	-4.5600E+2
7.6978E-1	7.2465E-1	-5.0000E+0
7.7190E-1	7.2659E-1	-2.9000E+2
7.7378E-1	7.2537E-1	-2.8800E+2
