Aux out [V]	Aux in [V]	PDH out [a.u.]
-6.1809E-1	6.7946E-1	4.3100E+2
-6.1785E-1	6.7946E-1	4.9200E+2
-6.1773E-1	6.7995E-1	-4.2400E+2
-6.1750E-1	6.8067E-1	4.3500E+2
-6.1726E-1	6.7824E-1	-3.4700E+2
-6.1703E-1	6.7922E-1	3.1800E+2
-6.1679E-1	6.7752E-1	5.4500E+2
-6.1668E-1	6.7752E-1	1.5500E+2
-6.1644E-1	6.7752E-1	3.0600E+2
-6.1620E-1	6.7606E-1	4.9600E+2
-6.1597E-1	6.7776E-1	-8.2000E+1
-6.1573E-1	6.7509E-1	-5.4200E+2
-6.1562E-1	6.7630E-1	-9.3000E+1
-6.1538E-1	6.7387E-1	6.8500E+2
-6.1515E-1	6.7314E-1	4.4800E+2
-6.1491E-1	6.7290E-1	5.0100E+2
-6.1468E-1	6.7217E-1	-3.0000E+2
-6.1456E-1	6.7193E-1	-1.8200E+2
-6.1432E-1	6.6950E-1	3.6200E+2
-6.1409E-1	6.7047E-1	-3.6100E+2
-6.1385E-1	6.7120E-1	3.9000E+2
-6.1362E-1	6.6828E-1	7.7700E+2
-6.1350E-1	6.6877E-1	4.1700E+2
-6.1326E-1	6.6926E-1	-1.2700E+2
-6.1303E-1	6.6683E-1	4.2000E+2
-6.1279E-1	6.6658E-1	1.6100E+2
-6.1256E-1	6.6828E-1	2.3100E+2
-6.1232E-1	6.6610E-1	7.9000E+1
-6.1220E-1	6.6513E-1	4.5300E+2
-6.1197E-1	6.6464E-1	-1.2600E+2
-6.1173E-1	6.6294E-1	5.0200E+2
-6.1150E-1	6.6318E-1	1.0450E+3
-6.1126E-1	6.6245E-1	-3.4400E+2
-6.1115E-1	6.6148E-1	6.0200E+2
-6.1091E-1	6.6124E-1	6.3700E+2
-6.1067E-1	6.6245E-1	2.7500E+2
-6.1044E-1	6.5954E-1	2.0900E+2
-6.1020E-1	6.6002E-1	1.8300E+2
-6.1009E-1	6.5832E-1	1.5200E+2
-6.0985E-1	6.5857E-1	1.3500E+2
-6.0962E-1	6.5687E-1	-2.4200E+2
-6.0938E-1	6.5614E-1	-2.8100E+2
-6.0915E-1	6.5492E-1	3.8100E+2
-6.0903E-1	6.5468E-1	1.2300E+2
-6.0879E-1	6.5517E-1	5.9500E+2
-6.0856E-1	6.5419E-1	1.5500E+2
-6.0832E-1	6.5347E-1	1.4000E+2
-6.0809E-1	6.5128E-1	-5.1000E+1
-6.0797E-1	6.5031E-1	4.4900E+2
-6.0773E-1	6.5055E-1	1.7400E+2
-6.0750E-1	6.4812E-1	6.2100E+2
-6.0726E-1	6.4885E-1	5.4000E+1
-6.0703E-1	6.4739E-1	1.8700E+2
-6.0679E-1	6.4691E-1	3.7500E+2
-6.0667E-1	6.4691E-1	-5.0200E+2
-6.0644E-1	6.4666E-1	5.8400E+2
-6.0620E-1	6.4496E-1	1.5500E+3
-6.0597E-1	6.4375E-1	1.8500E+2
-6.0573E-1	6.4205E-1	6.8000E+2
-6.0562E-1	6.4205E-1	5.2000E+1
-6.0538E-1	6.4180E-1	7.8900E+2
-6.0514E-1	6.3986E-1	5.7800E+2
-6.0491E-1	6.3986E-1	6.2700E+2
-6.0467E-1	6.3962E-1	5.7300E+2
-6.0456E-1	6.3792E-1	7.3200E+2
-6.0432E-1	6.3597E-1	1.0180E+3
-6.0409E-1	6.3573E-1	5.2900E+2
-6.0385E-1	6.3452E-1	3.0100E+2
-6.0362E-1	6.3427E-1	2.8900E+2
-6.0350E-1	6.3452E-1	9.8000E+1
-6.0326E-1	6.3184E-1	5.8500E+2
-6.0303E-1	6.3087E-1	2.2400E+2
-6.0279E-1	6.3014E-1	9.5000E+1
-6.0256E-1	6.3063E-1	5.3100E+2
-6.0244E-1	6.2796E-1	8.8700E+2
-6.0220E-1	6.2674E-1	1.9700E+2
-6.0197E-1	6.2650E-1	8.6500E+2
-6.0173E-1	6.2577E-1	1.5000E+2
-6.0150E-1	6.2358E-1	3.9300E+2
-6.0126E-1	6.2504E-1	5.7900E+2
-6.0114E-1	6.2383E-1	8.9500E+2
-6.0091E-1	6.2164E-1	-1.4900E+2
-6.0067E-1	6.2164E-1	8.1400E+2
-6.0044E-1	6.2116E-1	7.0700E+2
-6.0020E-1	6.1970E-1	9.7600E+2
-6.0009E-1	6.1824E-1	3.9000E+2
-5.9985E-1	6.1654E-1	6.0800E+2
-5.9962E-1	6.1533E-1	5.1400E+2
-5.9938E-1	6.1630E-1	6.4800E+2
-5.9914E-1	6.1435E-1	5.4000E+2
-5.9903E-1	6.1557E-1	6.8000E+2
-5.9879E-1	6.1314E-1	-7.9000E+1
-5.9856E-1	6.1290E-1	6.4800E+2
-5.9832E-1	6.1047E-1	5.3600E+2
-5.9809E-1	6.0925E-1	4.7100E+2
-5.9797E-1	6.0901E-1	4.2500E+2
-5.9773E-1	6.0877E-1	7.7500E+2
-5.9750E-1	6.0707E-1	8.2600E+2
-5.9726E-1	6.0585E-1	4.9500E+2
-5.9703E-1	6.0634E-1	-1.6400E+2
-5.9691E-1	6.0366E-1	3.2900E+2
-5.9667E-1	6.0366E-1	4.0800E+2
-5.9644E-1	6.0318E-1	4.7800E+2
-5.9620E-1	6.0075E-1	1.2050E+3
-5.9597E-1	5.9953E-1	6.6700E+2
-5.9585E-1	5.9783E-1	4.4000E+2
-5.9561E-1	5.9881E-1	7.9600E+2
-5.9538E-1	5.9686E-1	5.8300E+2
-5.9514E-1	5.9638E-1	7.9300E+2
-5.9491E-1	5.9565E-1	6.7000E+1
-5.9467E-1	5.9346E-1	2.1200E+2
-5.9456E-1	5.9103E-1	1.1840E+3
-5.9432E-1	5.9103E-1	7.9700E+2
-5.9409E-1	5.8860E-1	-3.3000E+1
-5.9385E-1	5.8909E-1	9.2500E+2
-5.9361E-1	5.8787E-1	6.3200E+2
-5.9350E-1	5.8714E-1	5.5300E+2
-5.9326E-1	5.8593E-1	7.1400E+2
-5.9303E-1	5.8399E-1	7.9200E+2
-5.9279E-1	5.8423E-1	8.7400E+2
-5.9256E-1	5.8229E-1	8.4400E+2
-5.9244E-1	5.8253E-1	4.8100E+2
-5.9220E-1	5.8059E-1	5.2800E+2
-5.9197E-1	5.8107E-1	3.4600E+2
-5.9173E-1	5.7840E-1	1.1080E+3
-5.9150E-1	5.7816E-1	5.2000E+1
-5.9138E-1	5.7670E-1	3.3900E+2
-5.9114E-1	5.7670E-1	9.9600E+2
-5.9091E-1	5.7500E-1	5.0000E+0
-5.9067E-1	5.7233E-1	7.0400E+2
-5.9044E-1	5.7257E-1	1.2200E+2
-5.9032E-1	5.7111E-1	-6.3000E+1
-5.9009E-1	5.7038E-1	8.3500E+2
-5.8985E-1	5.6917E-1	2.7200E+2
-5.8961E-1	5.6698E-1	8.8800E+2
-5.8938E-1	5.6650E-1	8.1100E+2
-5.8914E-1	5.6552E-1	4.6900E+2
-5.8903E-1	5.6309E-1	4.1200E+2
-5.8879E-1	5.6139E-1	5.5400E+2
-5.8856E-1	5.6164E-1	1.0340E+3
-5.8832E-1	5.6067E-1	6.8000E+2
-5.8808E-1	5.5848E-1	9.1400E+2
-5.8797E-1	5.5896E-1	2.8400E+2
-5.8773E-1	5.5726E-1	2.9400E+2
-5.8750E-1	5.5556E-1	5.6800E+2
-5.8726E-1	5.5386E-1	4.0000E+1
-5.8703E-1	5.5362E-1	1.1180E+3
-5.8691E-1	5.5192E-1	3.6500E+2
-5.8667E-1	5.4876E-1	6.3200E+2
-5.8644E-1	5.4949E-1	5.1300E+2
-5.8620E-1	5.4828E-1	-2.2700E+2
-5.8597E-1	5.4730E-1	1.6700E+2
-5.8585E-1	5.4779E-1	8.0700E+2
-5.8561E-1	5.4536E-1	1.2090E+3
-5.8538E-1	5.4269E-1	3.8100E+2
-5.8514E-1	5.4220E-1	5.6900E+2
-5.8491E-1	5.4099E-1	9.1700E+2
-5.8479E-1	5.3880E-1	8.6800E+2
-5.8456E-1	5.3686E-1	6.3400E+2
-5.8432E-1	5.3759E-1	8.1100E+2
-5.8408E-1	5.3734E-1	2.6700E+2
-5.8385E-1	5.3467E-1	4.9400E+2
-5.8361E-1	5.3516E-1	3.1000E+2
-5.8350E-1	5.3370E-1	5.4200E+2
-5.8326E-1	5.3273E-1	7.6300E+2
-5.8303E-1	5.3030E-1	2.1800E+2
-5.8279E-1	5.3176E-1	8.5800E+2
-5.8256E-1	5.2763E-1	4.2200E+2
-5.8244E-1	5.2787E-1	5.5200E+2
-5.8220E-1	5.2641E-1	3.8200E+2
-5.8197E-1	5.2398E-1	6.8800E+2
-5.8173E-1	5.2471E-1	6.9500E+2
-5.8150E-1	5.1985E-1	6.9100E+2
-5.8138E-1	5.2010E-1	3.1900E+2
-5.8114E-1	5.1839E-1	8.9500E+2
-5.8091E-1	5.1839E-1	3.4000E+1
-5.8067E-1	5.1742E-1	1.4620E+3
-5.8044E-1	5.1791E-1	1.1400E+3
-5.8032E-1	5.1475E-1	1.2550E+3
-5.8008E-1	5.1329E-1	8.7900E+2
-5.7985E-1	5.1208E-1	5.6200E+2
-5.7961E-1	5.0941E-1	7.6100E+2
-5.7938E-1	5.0965E-1	6.6500E+2
-5.7926E-1	5.0746E-1	7.3200E+2
-5.7903E-1	5.0698E-1	6.1800E+2
-5.7879E-1	5.0576E-1	4.9400E+2
-5.7855E-1	5.0382E-1	1.0060E+3
-5.7832E-1	5.0382E-1	2.5000E+2
-5.7820E-1	5.0455E-1	6.2900E+2
-5.7797E-1	5.0066E-1	1.3020E+3
-5.7773E-1	4.9799E-1	7.9800E+2
-5.7750E-1	4.9775E-1	3.5100E+2
-5.7726E-1	4.9605E-1	7.6500E+2
-5.7703E-1	4.9507E-1	3.8800E+2
-5.7691E-1	4.9580E-1	5.6200E+2
-5.7667E-1	4.9240E-1	4.2800E+2
-5.7644E-1	4.9119E-1	9.6500E+2
-5.7620E-1	4.9143E-1	1.1430E+3
-5.7597E-1	4.8827E-1	3.7400E+2
-5.7585E-1	4.8608E-1	3.7600E+2
-5.7561E-1	4.8608E-1	1.0060E+3
-5.7538E-1	4.8487E-1	1.2750E+3
-5.7514E-1	4.8317E-1	1.3060E+3
-5.7491E-1	4.8147E-1	-2.6000E+1
-5.7479E-1	4.7977E-1	6.7500E+2
-5.7455E-1	4.8098E-1	7.1100E+2
-5.7432E-1	4.7734E-1	7.5200E+2
-5.7408E-1	4.7564E-1	4.4500E+2
-5.7385E-1	4.7467E-1	7.7500E+2
-5.7373E-1	4.7224E-1	8.2000E+2
-5.7350E-1	4.7078E-1	1.4060E+3
-5.7326E-1	4.7054E-1	1.0900E+3
-5.7302E-1	4.7054E-1	7.7100E+2
-5.7279E-1	4.6714E-1	8.5600E+2
-5.7267E-1	4.6641E-1	5.3000E+2
-5.7244E-1	4.6519E-1	6.9200E+2
-5.7220E-1	4.6374E-1	3.1800E+2
-5.7197E-1	4.6252E-1	8.6500E+2
-5.7173E-1	4.6252E-1	7.8800E+2
-5.7150E-1	4.5888E-1	6.8400E+2
-5.7138E-1	4.5936E-1	6.6100E+2
-5.7114E-1	4.5620E-1	7.6000E+2
-5.7091E-1	4.5693E-1	6.6400E+2
-5.7067E-1	4.5402E-1	4.3100E+2
-5.7044E-1	4.5523E-1	5.8500E+2
-5.7032E-1	4.5159E-1	1.0620E+3
-5.7008E-1	4.5135E-1	5.6900E+2
-5.6985E-1	4.4964E-1	9.6900E+2
-5.6961E-1	4.4892E-1	7.4600E+2
-5.6938E-1	4.4722E-1	8.0500E+2
-5.6926E-1	4.4746E-1	1.0000E+3
-5.6902E-1	4.4624E-1	4.0200E+2
-5.6879E-1	4.4454E-1	7.6100E+2
-5.6855E-1	4.4309E-1	1.0070E+3
-5.6832E-1	4.4017E-1	4.7900E+2
-5.6820E-1	4.4139E-1	5.9700E+2
-5.6797E-1	4.3920E-1	5.4700E+2
-5.6773E-1	4.3896E-1	1.9600E+2
-5.6750E-1	4.3653E-1	7.3400E+2
-5.6726E-1	4.3507E-1	8.6500E+2
-5.6714E-1	4.3385E-1	1.1700E+3
-5.6691E-1	4.3288E-1	6.0700E+2
-5.6667E-1	4.3118E-1	6.0200E+2
-5.6644E-1	4.2778E-1	7.3200E+2
-5.6620E-1	4.2754E-1	1.0040E+3
-5.6608E-1	4.2608E-1	6.5900E+2
-5.6585E-1	4.2487E-1	6.6700E+2
-5.6561E-1	4.2487E-1	3.6900E+2
-5.6538E-1	4.2195E-1	5.6200E+2
-5.6514E-1	4.2098E-1	5.6900E+2
-5.6491E-1	4.1928E-1	4.7900E+2
-5.6479E-1	4.1831E-1	3.9000E+2
-5.6455E-1	4.1806E-1	8.8200E+2
-5.6432E-1	4.1636E-1	6.6200E+2
-5.6408E-1	4.1636E-1	6.2600E+2
-5.6385E-1	4.1321E-1	6.4300E+2
-5.6373E-1	4.1418E-1	4.8100E+2
-5.6349E-1	4.1078E-1	6.2100E+2
-5.6326E-1	4.0956E-1	7.9700E+2
-5.6302E-1	4.0932E-1	7.7100E+2
-5.6279E-1	4.0713E-1	8.0100E+2
-5.6267E-1	4.0665E-1	1.3500E+3
-5.6244E-1	4.0543E-1	8.3900E+2
-5.6220E-1	4.0543E-1	7.9700E+2
-5.6197E-1	4.0373E-1	6.5900E+2
-5.6173E-1	4.0154E-1	7.5400E+2
-5.6161E-1	4.0057E-1	9.8100E+2
-5.6138E-1	4.0009E-1	8.6100E+2
-5.6114E-1	3.9790E-1	5.9900E+2
-5.6091E-1	3.9717E-1	7.1600E+2
-5.6067E-1	3.9693E-1	1.2040E+3
-5.6055E-1	3.9596E-1	1.0390E+3
-5.6032E-1	3.9353E-1	6.0500E+2
-5.6008E-1	3.9207E-1	4.8500E+2
-5.5985E-1	3.9134E-1	2.8100E+2
-5.5961E-1	3.9086E-1	1.0650E+3
-5.5949E-1	3.9013E-1	1.0290E+3
-5.5926E-1	3.8915E-1	6.0500E+2
-5.5902E-1	3.8551E-1	1.0200E+3
-5.5879E-1	3.8381E-1	9.6600E+2
-5.5855E-1	3.8454E-1	9.6400E+2
-5.5832E-1	3.8357E-1	3.8300E+2
-5.5820E-1	3.8235E-1	6.1100E+2
-5.5796E-1	3.7992E-1	-1.2600E+2
-5.5773E-1	3.7919E-1	1.2140E+3
-5.5749E-1	3.7798E-1	9.4200E+2
-5.5726E-1	3.7701E-1	3.1600E+2
-5.5714E-1	3.7725E-1	1.2200E+3
-5.5691E-1	3.7482E-1	4.8000E+2
-5.5667E-1	3.7385E-1	1.1160E+3
-5.5644E-1	3.7021E-1	7.6000E+2
-5.5620E-1	3.6972E-1	5.4000E+2
-5.5608E-1	3.7045E-1	5.8100E+2
-5.5585E-1	3.6851E-1	1.0560E+3
-5.5561E-1	3.6851E-1	4.2500E+2
-5.5538E-1	3.6608E-1	8.2600E+2
-5.5514E-1	3.6535E-1	4.8400E+2
-5.5502E-1	3.6438E-1	6.2200E+2
-5.5479E-1	3.6267E-1	5.4200E+2
-5.5455E-1	3.6146E-1	3.1700E+2
-5.5432E-1	3.6122E-1	5.8200E+2
-5.5408E-1	3.6073E-1	7.6300E+2
-5.5396E-1	3.6122E-1	7.4200E+2
-5.5373E-1	3.5903E-1	9.7000E+2
-5.5349E-1	3.5684E-1	3.6000E+1
-5.5326E-1	3.5514E-1	9.3900E+2
-5.5302E-1	3.5442E-1	-5.8000E+1
-5.5279E-1	3.5320E-1	5.2800E+2
-5.5267E-1	3.5199E-1	6.8500E+2
-5.5244E-1	3.5296E-1	4.6800E+2
-5.5220E-1	3.5126E-1	4.7600E+2
-5.5196E-1	3.4931E-1	6.7200E+2
-5.5173E-1	3.4883E-1	8.3500E+2
-5.5161E-1	3.4640E-1	9.3300E+2
-5.5138E-1	3.4518E-1	5.7600E+2
-5.5114E-1	3.4470E-1	4.5600E+2
-5.5091E-1	3.4397E-1	2.0600E+2
-5.5067E-1	3.4227E-1	2.0400E+2
-5.5055E-1	3.4203E-1	3.7300E+2
-5.5032E-1	3.4251E-1	7.5400E+2
-5.5008E-1	3.4057E-1	8.7400E+2
-5.4985E-1	3.3838E-1	5.8100E+2
-5.4961E-1	3.3790E-1	7.9800E+2
-5.4949E-1	3.3547E-1	1.2500E+2
-5.4926E-1	3.3498E-1	8.8800E+2
-5.4902E-1	3.3547E-1	6.6800E+2
-5.4879E-1	3.3425E-1	5.5300E+2
-5.4855E-1	3.3377E-1	8.7700E+2
-5.4843E-1	3.3304E-1	8.2100E+2
-5.4820E-1	3.3061E-1	-1.3100E+2
-5.4796E-1	3.2915E-1	7.6900E+2
-5.4773E-1	3.2866E-1	9.2300E+2
-5.4749E-1	3.2794E-1	6.5900E+2
-5.4726E-1	3.2769E-1	3.8900E+2
-5.4714E-1	3.2478E-1	5.1600E+2
-5.4691E-1	3.2624E-1	4.1800E+2
-5.4667E-1	3.2332E-1	1.1800E+2
-5.4643E-1	3.2429E-1	5.5000E+2
-5.4620E-1	3.2283E-1	6.1300E+2
-5.4608E-1	3.2259E-1	8.1000E+2
-5.4585E-1	3.2113E-1	6.5800E+2
-5.4561E-1	3.1846E-1	4.1100E+2
-5.4538E-1	3.1919E-1	2.9000E+1
-5.4514E-1	3.1603E-1	6.9800E+2
-5.4502E-1	3.1870E-1	4.0600E+2
-5.4479E-1	3.1676E-1	1.0350E+3
-5.4455E-1	3.1579E-1	2.9700E+2
-5.4432E-1	3.1530E-1	7.3500E+2
-5.4408E-1	3.1360E-1	2.7500E+2
-5.4396E-1	3.1093E-1	3.7100E+2
-5.4373E-1	3.1069E-1	3.8100E+2
-5.4349E-1	3.1117E-1	3.2800E+2
-5.4326E-1	3.1166E-1	3.1000E+1
-5.4302E-1	3.0947E-1	3.2200E+2
-5.4291E-1	3.0972E-1	5.8000E+2
-5.4267E-1	3.1142E-1	4.7000E+1
-5.4243E-1	3.0753E-1	4.7200E+2
-5.4220E-1	3.0631E-1	6.1900E+2
-5.4196E-1	3.0631E-1	6.0300E+2
-5.4185E-1	3.0656E-1	3.9200E+2
-5.4161E-1	3.0534E-1	5.8300E+2
-5.4138E-1	3.0680E-1	-2.9300E+2
-5.4114E-1	3.0486E-1	1.0100E+2
-5.4090E-1	3.0486E-1	1.8600E+2
-5.4067E-1	3.0389E-1	1.1010E+3
-5.4055E-1	3.0194E-1	6.6800E+2
-5.4032E-1	3.0170E-1	6.2100E+2
-5.4008E-1	3.0048E-1	9.1700E+2
-5.3985E-1	2.9903E-1	4.1700E+2
-5.3961E-1	3.0024E-1	1.0090E+3
-5.3949E-1	2.9708E-1	5.3600E+2
-5.3926E-1	2.9733E-1	8.7000E+1
-5.3902E-1	2.9611E-1	6.0500E+2
-5.3879E-1	2.9587E-1	6.8800E+2
-5.3855E-1	2.9320E-1	4.6900E+2
-5.3843E-1	2.9417E-1	9.7900E+2
-5.3820E-1	2.9295E-1	9.0700E+2
-5.3796E-1	2.9247E-1	2.2100E+2
-5.3773E-1	2.9150E-1	3.7300E+2
-5.3749E-1	2.9198E-1	5.3000E+1
-5.3738E-1	2.9052E-1	1.8400E+2
-5.3714E-1	2.9077E-1	5.5300E+2
-5.3690E-1	2.8907E-1	9.6000E+1
-5.3667E-1	2.8955E-1	5.2000E+1
-5.3643E-1	2.9052E-1	1.7400E+2
-5.3632E-1	2.8980E-1	3.6000E+1
-5.3608E-1	2.8955E-1	-1.0300E+2
-5.3585E-1	2.9052E-1	1.6300E+2
-5.3561E-1	2.8907E-1	-2.1000E+1
-5.3538E-1	2.9198E-1	-7.2600E+2
-5.3514E-1	2.8931E-1	-2.5900E+2
-5.3502E-1	2.8955E-1	-8.9200E+2
-5.3479E-1	2.9052E-1	-1.5900E+2
-5.3455E-1	2.9052E-1	-9.4000E+1
-5.3432E-1	2.9174E-1	5.1000E+1
-5.3408E-1	2.9028E-1	-7.7000E+1
-5.3396E-1	2.9077E-1	5.1200E+2
-5.3373E-1	2.8980E-1	9.9000E+2
-5.3349E-1	2.8688E-1	1.4680E+3
-5.3326E-1	2.8737E-1	1.2290E+3
-5.3302E-1	2.8469E-1	1.0090E+3
-5.3290E-1	2.8494E-1	1.2150E+3
-5.3267E-1	2.8081E-1	1.6710E+3
-5.3243E-1	2.8275E-1	1.0510E+3
-5.3220E-1	2.7983E-1	4.8600E+2
-5.3196E-1	2.7716E-1	1.0260E+3
-5.3185E-1	2.7765E-1	6.7200E+2
-5.3161E-1	2.7716E-1	4.2800E+2
-5.3137E-1	2.7498E-1	4.3100E+2
-5.3114E-1	2.7449E-1	6.3000E+2
-5.3090E-1	2.7619E-1	2.0500E+2
-5.3079E-1	2.7425E-1	1.3100E+2
-5.3055E-1	2.7376E-1	5.0700E+2
-5.3032E-1	2.7473E-1	-3.8100E+2
-5.3008E-1	2.7206E-1	-7.1000E+1
-5.2985E-1	2.7230E-1	-9.1000E+1
-5.2961E-1	2.7303E-1	6.0000E+0
-5.2949E-1	2.7352E-1	5.9700E+2
-5.2926E-1	2.7279E-1	3.4700E+2
-5.2902E-1	2.7230E-1	5.2700E+2
-5.2879E-1	2.7352E-1	5.0000E+0
-5.2855E-1	2.7255E-1	-4.9900E+2
-5.2843E-1	2.7352E-1	-8.4100E+2
-5.2820E-1	2.7449E-1	-8.2000E+1
-5.2796E-1	2.7425E-1	-3.4800E+2
-5.2773E-1	2.7522E-1	-5.3100E+2
-5.2749E-1	2.7643E-1	-1.5000E+1
-5.2737E-1	2.7570E-1	-1.9500E+2
-5.2714E-1	2.7425E-1	1.7600E+2
-5.2690E-1	2.7498E-1	8.8500E+2
-5.2667E-1	2.7376E-1	1.1010E+3
-5.2643E-1	2.7328E-1	1.1080E+3
-5.2632E-1	2.7133E-1	5.3900E+2
-5.2608E-1	2.6987E-1	1.1450E+3
-5.2584E-1	2.7036E-1	7.4100E+2
-5.2561E-1	2.6963E-1	1.1050E+3
-5.2537E-1	2.6866E-1	7.0100E+2
-5.2526E-1	2.6647E-1	2.6700E+2
-5.2502E-1	2.6720E-1	8.9700E+2
-5.2479E-1	2.6745E-1	1.0620E+3
-5.2455E-1	2.6745E-1	4.8300E+2
-5.2432E-1	2.6623E-1	-1.2200E+2
-5.2420E-1	2.6550E-1	-6.0000E+1
-5.2396E-1	2.6599E-1	-1.4100E+2
-5.2373E-1	2.6623E-1	3.0100E+2
-5.2349E-1	2.6720E-1	1.0800E+2
-5.2326E-1	2.6890E-1	-1.3000E+1
-5.2302E-1	2.6842E-1	2.6000E+1
-5.2290E-1	2.7085E-1	-4.7000E+2
-5.2267E-1	2.7303E-1	-5.8700E+2
-5.2243E-1	2.7449E-1	-6.5800E+2
-5.2220E-1	2.7813E-1	-1.4710E+3
-5.2196E-1	2.8178E-1	-2.1700E+3
-5.2184E-1	2.8785E-1	-1.8120E+3
-5.2161E-1	2.9295E-1	-2.1680E+3
-5.2137E-1	3.0048E-1	-1.2440E+3
-5.2114E-1	3.0170E-1	-4.6100E+2
-5.2090E-1	3.0267E-1	-3.1900E+2
-5.2079E-1	3.0194E-1	1.2040E+3
-5.2055E-1	3.0024E-1	9.6300E+2
-5.2032E-1	2.9587E-1	1.7150E+3
-5.2008E-1	2.9247E-1	1.8810E+3
-5.1984E-1	2.8615E-1	1.8950E+3
-5.1973E-1	2.8105E-1	1.9670E+3
-5.1949E-1	2.7449E-1	1.5070E+3
-5.1926E-1	2.6890E-1	1.2740E+3
-5.1902E-1	2.6817E-1	7.9500E+2
-5.1879E-1	2.6696E-1	4.8300E+2
-5.1867E-1	2.6647E-1	1.5400E+2
-5.1843E-1	2.6599E-1	3.4700E+2
-5.1820E-1	2.6186E-1	2.9500E+2
-5.1796E-1	2.6404E-1	4.9800E+2
-5.1773E-1	2.6356E-1	-1.8300E+2
-5.1749E-1	2.6380E-1	-5.2000E+2
-5.1737E-1	2.6307E-1	1.3900E+2
-5.1714E-1	2.6307E-1	-4.6500E+2
-5.1690E-1	2.6453E-1	-3.7300E+2
-5.1667E-1	2.6453E-1	-6.0900E+2
-5.1643E-1	2.6574E-1	-9.4700E+2
-5.1631E-1	2.6696E-1	-6.1900E+2
-5.1608E-1	2.6963E-1	-6.1400E+2
-5.1584E-1	2.7279E-1	-1.1030E+3
-5.1561E-1	2.8032E-1	-1.7250E+3
-5.1537E-1	2.8882E-1	-1.9930E+3
-5.1526E-1	2.9538E-1	-3.2090E+3
-5.1502E-1	3.0364E-1	-3.2670E+3
-5.1479E-1	3.1142E-1	-3.2350E+3
-5.1455E-1	3.1846E-1	-2.3680E+3
-5.1431E-1	3.2526E-1	-1.4780E+3
-5.1420E-1	3.2624E-1	-7.8900E+2
-5.1396E-1	3.2405E-1	1.2740E+3
-5.1373E-1	3.1895E-1	2.0590E+3
-5.1349E-1	3.0899E-1	3.0690E+3
-5.1326E-1	2.9951E-1	3.2850E+3
-5.1314E-1	2.8907E-1	2.9630E+3
-5.1290E-1	2.8348E-1	3.0830E+3
-5.1267E-1	2.8081E-1	2.5500E+3
-5.1243E-1	2.7255E-1	1.8680E+3
-5.1220E-1	2.6866E-1	2.1420E+3
-5.1196E-1	2.6137E-1	8.2200E+2
-5.1184E-1	2.5967E-1	8.8100E+2
-5.1161E-1	2.5603E-1	1.1110E+3
-5.1137E-1	2.5287E-1	9.1600E+2
-5.1114E-1	2.5141E-1	2.5200E+2
-5.1090E-1	2.4971E-1	5.7600E+2
-5.1078E-1	2.4874E-1	7.0000E+0
-5.1055E-1	2.4728E-1	-3.0200E+2
-5.1031E-1	2.4680E-1	2.0000E+1
-5.1008E-1	2.4485E-1	-1.4400E+2
-5.0984E-1	2.4194E-1	2.0400E+2
-5.0973E-1	2.4339E-1	6.0500E+2
-5.0949E-1	2.4072E-1	-6.4000E+1
-5.0926E-1	2.4121E-1	4.4400E+2
-5.0902E-1	2.4072E-1	-3.3000E+2
-5.0878E-1	2.4121E-1	-2.8400E+2
-5.0867E-1	2.3829E-1	5.0300E+2
-5.0843E-1	2.3829E-1	6.0000E+1
-5.0820E-1	2.3854E-1	-2.3600E+2
-5.0796E-1	2.3829E-1	-1.4100E+2
-5.0773E-1	2.3878E-1	-2.2100E+2
-5.0761E-1	2.3708E-1	1.5000E+2
-5.0737E-1	2.3611E-1	9.0000E+1
-5.0714E-1	2.3732E-1	-7.1000E+1
-5.0690E-1	2.3732E-1	-1.1800E+2
-5.0678E-1	2.3635E-1	5.3000E+1
-5.0655E-1	2.3586E-1	-3.4100E+2
-5.0631E-1	2.3538E-1	-1.5600E+2
-5.0608E-1	2.3586E-1	-5.1100E+2
-5.0584E-1	2.3611E-1	-5.3100E+2
-5.0561E-1	2.3586E-1	-1.7700E+2
-5.0537E-1	2.3586E-1	7.8000E+1
-5.0526E-1	2.3489E-1	2.5000E+2
-5.0502E-1	2.3611E-1	9.2000E+1
-5.0478E-1	2.3416E-1	-3.5800E+2
-5.0455E-1	2.3441E-1	-9.8000E+1
-5.0431E-1	2.3586E-1	-4.4100E+2
-5.0420E-1	2.3368E-1	1.2500E+2
-5.0396E-1	2.3562E-1	-3.1000E+1
-5.0373E-1	2.3416E-1	-2.6600E+2
-5.0349E-1	2.3562E-1	8.0000E+1
-5.0325E-1	2.3489E-1	-8.3000E+1
-5.0314E-1	2.3562E-1	1.1900E+2
-5.0290E-1	2.3392E-1	-8.6100E+2
-5.0267E-1	2.3635E-1	-1.5500E+2
-5.0243E-1	2.3805E-1	-7.2900E+2
-5.0220E-1	2.3854E-1	-1.1040E+3
-5.0208E-1	2.3951E-1	-7.0500E+2
-5.0184E-1	2.4097E-1	-1.1670E+3
-5.0161E-1	2.4267E-1	-1.2860E+3
-5.0137E-1	2.4072E-1	-6.7300E+2
-5.0125E-1	2.4291E-1	-3.0800E+2
-5.0102E-1	2.4412E-1	-7.2900E+2
-5.0078E-1	2.4364E-1	5.0000E+2
-5.0055E-1	2.4242E-1	5.5700E+2
-5.0031E-1	2.4339E-1	5.3400E+2
-5.0008E-1	2.4267E-1	5.2300E+2
-4.9984E-1	2.3878E-1	5.1100E+2
-4.9973E-1	2.3951E-1	5.0600E+2
-4.9949E-1	2.3854E-1	3.3400E+2
-4.9925E-1	2.3829E-1	-1.2000E+2
-4.9902E-1	2.3805E-1	6.6100E+2
-4.9878E-1	2.3732E-1	3.0900E+2
-4.9867E-1	2.3756E-1	-5.6000E+2
-4.9843E-1	2.3635E-1	1.3300E+2
-4.9820E-1	2.3489E-1	-1.8900E+2
-4.9796E-1	2.3732E-1	2.9300E+2
-4.9773E-1	2.3756E-1	-3.8900E+2
-4.9761E-1	2.3732E-1	-5.0400E+2
-4.9737E-1	2.3781E-1	-6.7800E+2
-4.9714E-1	2.3635E-1	-2.3000E+2
-4.9690E-1	2.3829E-1	-4.1600E+2
-4.9667E-1	2.3805E-1	-3.4000E+2
-4.9655E-1	2.3708E-1	-7.0000E+1
-4.9631E-1	2.3586E-1	-5.0800E+2
-4.9608E-1	2.3902E-1	1.2700E+2
-4.9584E-1	2.3805E-1	-6.0200E+2
-4.9573E-1	2.3805E-1	-7.3400E+2
-4.9549E-1	2.3805E-1	-5.6000E+2
-4.9525E-1	2.3902E-1	-9.7000E+1
-4.9502E-1	2.4024E-1	-4.0000E+0
-4.9478E-1	2.4048E-1	-5.1800E+2
-4.9455E-1	2.3999E-1	-4.6200E+2
-4.9443E-1	2.4072E-1	-3.7400E+2
-4.9420E-1	2.4048E-1	-1.6000E+2
-4.9396E-1	2.4145E-1	-5.5700E+2
-4.9372E-1	2.4169E-1	4.5100E+2
-4.9349E-1	2.3999E-1	5.3900E+2
-4.9325E-1	2.4242E-1	-7.0200E+2
-4.9314E-1	2.4315E-1	-4.8100E+2
-4.9290E-1	2.4169E-1	-5.7200E+2
-4.9267E-1	2.4364E-1	-2.2600E+2
-4.9243E-1	2.4121E-1	-6.4700E+2
-4.9220E-1	2.4437E-1	-1.7600E+2
-4.9208E-1	2.4315E-1	-4.3900E+2
-4.9184E-1	2.4412E-1	-6.8400E+2
-4.9161E-1	2.4461E-1	-2.1000E+1
-4.9137E-1	2.4607E-1	-5.1000E+1
-4.9114E-1	2.4534E-1	-5.6300E+2
-4.9102E-1	2.4364E-1	-2.0000E+2
-4.9078E-1	2.4582E-1	-7.6700E+2
-4.9055E-1	2.4534E-1	-4.0000E+1
-4.9031E-1	2.4704E-1	-1.1900E+2
-4.9020E-1	2.4631E-1	-2.6700E+2
-4.8996E-1	2.4728E-1	-8.2200E+2
-4.8972E-1	2.4704E-1	-5.7800E+2
-4.8949E-1	2.4777E-1	-9.3200E+2
-4.8925E-1	2.4728E-1	-8.6000E+2
-4.8914E-1	2.4947E-1	-4.0900E+2
-4.8890E-1	2.5044E-1	-7.5900E+2
-4.8867E-1	2.4825E-1	-3.6800E+2
-4.8843E-1	2.5068E-1	-5.6300E+2
-4.8820E-1	2.5141E-1	-3.6800E+2
-4.8796E-1	2.5141E-1	-3.5500E+2
-4.8772E-1	2.5238E-1	-8.7600E+2
-4.8761E-1	2.5190E-1	-9.0200E+2
-4.8737E-1	2.5287E-1	-5.7300E+2
-4.8714E-1	2.5360E-1	-1.2300E+2
-4.8690E-1	2.5457E-1	-2.2500E+2
-4.8667E-1	2.5578E-1	-7.7100E+2
-4.8655E-1	2.5530E-1	-5.7300E+2
-4.8631E-1	2.5749E-1	-6.3600E+2
-4.8608E-1	2.5530E-1	1.1000E+2
-4.8584E-1	2.5797E-1	-6.7200E+2
-4.8561E-1	2.5894E-1	-2.6300E+2
-4.8549E-1	2.5797E-1	-8.2000E+2
-4.8525E-1	2.5991E-1	-6.2100E+2
-4.8502E-1	2.6040E-1	-7.5900E+2
-4.8478E-1	2.5991E-1	-4.9000E+2
-4.8467E-1	2.5991E-1	-7.0100E+2
-4.8443E-1	2.6089E-1	-6.8400E+2
-4.8419E-1	2.6259E-1	-4.9100E+2
-4.8396E-1	2.6429E-1	-2.4700E+2
-4.8372E-1	2.6186E-1	-3.5200E+2
-4.8361E-1	2.6502E-1	-1.0940E+3
-4.8337E-1	2.6404E-1	-2.2100E+2
-4.8314E-1	2.6696E-1	-6.3100E+2
-4.8290E-1	2.6696E-1	-2.4300E+2
-4.8267E-1	2.6623E-1	-7.8200E+2
-4.8243E-1	2.6550E-1	-6.3500E+2
-4.8219E-1	2.6842E-1	-6.3500E+2
-4.8208E-1	2.6793E-1	-2.0000E+2
-4.8184E-1	2.7182E-1	-6.8000E+1
-4.8161E-1	2.7255E-1	-6.6700E+2
-4.8137E-1	2.7036E-1	-9.2800E+2
-4.8114E-1	2.7230E-1	-5.8700E+2
-4.8102E-1	2.7230E-1	-8.9700E+2
-4.8078E-1	2.7400E-1	-1.2160E+3
-4.8055E-1	2.7279E-1	-4.4900E+2
-4.8031E-1	2.7376E-1	-8.5200E+2
-4.8008E-1	2.7425E-1	-6.3000E+2
-4.7996E-1	2.7522E-1	-1.6420E+3
-4.7972E-1	2.7546E-1	-6.0500E+2
-4.7949E-1	2.7643E-1	-1.0670E+3
-4.7925E-1	2.7813E-1	-6.9200E+2
-4.7914E-1	2.7668E-1	-5.1200E+2
-4.7890E-1	2.7862E-1	-1.0650E+3
-4.7866E-1	2.7765E-1	-5.9400E+2
-4.7843E-1	2.8056E-1	-4.2900E+2
-4.7819E-1	2.8129E-1	-3.4100E+2
-4.7808E-1	2.8178E-1	-5.4300E+2
-4.7784E-1	2.8299E-1	-6.6300E+2
-4.7761E-1	2.8469E-1	-1.1430E+3
-4.7737E-1	2.8348E-1	-1.1010E+3
-4.7714E-1	2.8494E-1	-1.2150E+3
-4.7690E-1	2.8445E-1	-2.4700E+2
-4.7678E-1	2.8809E-1	-1.3340E+3
-4.7655E-1	2.8712E-1	-9.2100E+2
-4.7631E-1	2.8955E-1	-9.8300E+2
-4.7608E-1	2.8882E-1	-5.5200E+2
-4.7584E-1	2.9077E-1	-2.5600E+2
-4.7561E-1	2.9174E-1	-8.3900E+2
-4.7549E-1	2.9222E-1	-7.0900E+2
-4.7525E-1	2.9465E-1	-7.1000E+2
-4.7502E-1	2.9392E-1	-1.0160E+3
-4.7478E-1	2.9587E-1	-8.9200E+2
-4.7455E-1	2.9733E-1	-1.0610E+3
-4.7443E-1	2.9611E-1	-2.0600E+2
-4.7419E-1	2.9708E-1	-7.5100E+2
-4.7396E-1	2.9878E-1	-1.3520E+3
-4.7372E-1	2.9927E-1	-9.6700E+2
-4.7361E-1	3.0048E-1	-1.1760E+3
-4.7337E-1	3.0073E-1	-8.2600E+2
-4.7314E-1	3.0000E-1	-1.2490E+3
-4.7290E-1	3.0291E-1	-7.6700E+2
-4.7266E-1	3.0364E-1	-1.2130E+3
-4.7255E-1	3.0607E-1	-8.5500E+2
-4.7231E-1	3.0583E-1	-7.5700E+2
-4.7208E-1	3.0607E-1	-8.3100E+2
-4.7184E-1	3.0631E-1	-7.9900E+2
-4.7161E-1	3.0826E-1	-8.8100E+2
-4.7149E-1	3.1020E-1	-5.0300E+2
-4.7125E-1	3.0850E-1	-8.2200E+2
-4.7102E-1	3.1044E-1	-3.1800E+2
-4.7078E-1	3.1142E-1	-5.1200E+2
-4.7055E-1	3.1166E-1	-1.1770E+3
-4.7031E-1	3.1336E-1	-1.2290E+3
-4.7008E-1	3.1530E-1	-1.3400E+3
-4.6996E-1	3.1749E-1	-5.0000E+2
-4.6972E-1	3.1700E-1	-7.6100E+2
-4.6949E-1	3.1749E-1	-7.0200E+2
-4.6925E-1	3.1773E-1	-8.0900E+2
-4.6902E-1	3.2113E-1	-9.9300E+2
-4.6890E-1	3.2162E-1	-8.2600E+2
-4.6866E-1	3.2235E-1	-1.2170E+3
-4.6843E-1	3.2283E-1	-1.1320E+3
-4.6819E-1	3.2405E-1	-5.2100E+2
-4.6808E-1	3.2526E-1	-4.5200E+2
-4.6784E-1	3.2624E-1	-2.5100E+2
-4.6761E-1	3.2575E-1	-1.0890E+3
-4.6737E-1	3.2769E-1	-3.2900E+2
-4.6713E-1	3.2964E-1	-8.0100E+2
-4.6702E-1	3.3012E-1	-1.1240E+3
-4.6678E-1	3.3109E-1	-2.4100E+2
-4.6655E-1	3.3255E-1	-9.3800E+2
-4.6631E-1	3.3401E-1	-1.0660E+3
-4.6608E-1	3.3595E-1	-1.5110E+3
-4.6596E-1	3.3620E-1	-7.9000E+2
-4.6572E-1	3.3644E-1	-1.5060E+3
-4.6549E-1	3.3887E-1	-3.9200E+2
-4.6525E-1	3.3765E-1	-5.2000E+1
-4.6502E-1	3.3984E-1	-9.5200E+2
-4.6478E-1	3.4203E-1	-1.0180E+3
-4.6455E-1	3.4324E-1	-8.7600E+2
-4.6443E-1	3.4348E-1	-7.0500E+2
-4.6419E-1	3.4421E-1	-5.2500E+2
-4.6396E-1	3.4543E-1	-4.6200E+2
-4.6372E-1	3.4834E-1	-7.3800E+2
-4.6349E-1	3.4858E-1	-1.3290E+3
-4.6337E-1	3.4713E-1	-1.0680E+3
-4.6313E-1	3.5053E-1	-1.1530E+3
-4.6290E-1	3.4956E-1	-7.9700E+2
-4.6266E-1	3.5223E-1	-9.3300E+2
-4.6255E-1	3.5199E-1	-1.3800E+3
-4.6231E-1	3.5563E-1	-5.5200E+2
-4.6208E-1	3.5539E-1	-1.6300E+3
-4.6184E-1	3.5660E-1	-8.9600E+2
-4.6160E-1	3.5636E-1	-7.3200E+2
-4.6149E-1	3.5830E-1	-1.2360E+3
-4.6125E-1	3.5903E-1	-7.7400E+2
-4.6102E-1	3.6195E-1	-6.2700E+2
-4.6078E-1	3.6389E-1	-1.0640E+3
-4.6055E-1	3.6535E-1	-1.2420E+3
-4.6043E-1	3.6486E-1	-1.1600E+2
-4.6019E-1	3.6535E-1	-1.3160E+3
-4.5996E-1	3.6705E-1	-5.4900E+2
-4.5972E-1	3.6875E-1	-8.3700E+2
-4.5949E-1	3.6996E-1	-1.2660E+3
-4.5925E-1	3.7215E-1	-3.1300E+2
-4.5913E-1	3.7385E-1	-1.1280E+3
-4.5890E-1	3.7434E-1	-7.3200E+2
-4.5866E-1	3.7555E-1	-1.1920E+3
-4.5843E-1	3.7652E-1	-1.0990E+3
-4.5819E-1	3.7871E-1	-1.0370E+3
-4.5796E-1	3.8065E-1	-9.4400E+2
-4.5784E-1	3.8114E-1	-9.2700E+2
-4.5760E-1	3.8041E-1	-1.7520E+3
-4.5737E-1	3.8308E-1	-1.4010E+3
-4.5713E-1	3.8527E-1	-1.1780E+3
-4.5702E-1	3.8575E-1	-9.0900E+2
-4.5678E-1	3.8502E-1	-1.0910E+3
-4.5655E-1	3.8794E-1	-1.1160E+3
-4.5631E-1	3.8891E-1	-1.0240E+3
-4.5607E-1	3.8964E-1	-4.2700E+2
-4.5596E-1	3.9086E-1	-1.4180E+3
-4.5572E-1	3.9134E-1	-1.7140E+3
-4.5549E-1	3.9450E-1	-1.1980E+3
-4.5525E-1	3.9547E-1	-1.1280E+3
-4.5502E-1	3.9766E-1	-2.6700E+2
-4.5490E-1	3.9911E-1	-6.3600E+2
-4.5466E-1	4.0057E-1	-1.2080E+3
-4.5443E-1	4.0154E-1	-1.2300E+3
-4.5419E-1	4.0154E-1	-1.0550E+3
-4.5396E-1	4.0567E-1	-1.3200E+3
-4.5384E-1	4.0470E-1	-1.1020E+3
-4.5360E-1	4.0786E-1	-1.1170E+3
-4.5337E-1	4.0737E-1	-8.9800E+2
-4.5313E-1	4.0859E-1	-1.2700E+3
-4.5290E-1	4.1199E-1	-1.4980E+3
-4.5266E-1	4.1199E-1	-1.1550E+3
-4.5255E-1	4.1369E-1	-9.3000E+2
-4.5231E-1	4.1782E-1	-1.0250E+3
-4.5207E-1	4.1442E-1	-8.1200E+2
-4.5184E-1	4.1539E-1	-1.0180E+3
-4.5160E-1	4.2025E-1	-1.4840E+3
-4.5149E-1	4.2074E-1	-1.4210E+3
-4.5125E-1	4.2389E-1	-1.1270E+3
-4.5102E-1	4.2268E-1	-1.3460E+3
-4.5078E-1	4.2559E-1	-1.0860E+3
-4.5055E-1	4.2462E-1	-5.1600E+2
-4.5043E-1	4.2754E-1	-1.1700E+3
-4.5019E-1	4.2900E-1	-1.1840E+3
-4.4996E-1	4.3094E-1	-9.6100E+2
-4.4972E-1	4.3070E-1	-1.2110E+3
-4.4949E-1	4.3215E-1	-1.0160E+3
-4.4937E-1	4.3483E-1	-1.3340E+3
-4.4913E-1	4.3458E-1	-1.4200E+3
-4.4890E-1	4.3823E-1	-1.2260E+3
-4.4866E-1	4.3604E-1	-1.3180E+3
-4.4843E-1	4.3944E-1	-1.1510E+3
-4.4831E-1	4.3896E-1	-1.3410E+3
-4.4807E-1	4.4211E-1	-7.9900E+2
-4.4784E-1	4.4187E-1	-1.2700E+3
-4.4760E-1	4.4309E-1	-1.2530E+3
-4.4737E-1	4.4576E-1	-1.4850E+3
-4.4725E-1	4.4552E-1	-1.3410E+3
-4.4702E-1	4.4649E-1	-6.4500E+2
-4.4678E-1	4.4916E-1	-1.2540E+3
-4.4654E-1	4.5037E-1	-1.4070E+3
-4.4631E-1	4.5135E-1	-7.4000E+2
-4.4607E-1	4.5450E-1	-4.5700E+2
-4.4596E-1	4.5572E-1	-1.1280E+3
-4.4572E-1	4.5499E-1	-9.5600E+2
-4.4549E-1	4.5912E-1	-2.9900E+2
-4.4525E-1	4.5936E-1	-1.0620E+3
-4.4502E-1	4.6009E-1	-6.1700E+2
-4.4490E-1	4.6082E-1	-1.0870E+3
-4.4466E-1	4.6155E-1	-1.4170E+3
-4.4443E-1	4.6446E-1	-7.9900E+2
-4.4419E-1	4.6471E-1	-1.3930E+3
-4.4396E-1	4.6689E-1	-1.4370E+3
-4.4384E-1	4.6908E-1	-7.6800E+2
-4.4360E-1	4.6981E-1	-1.4530E+3
-4.4337E-1	4.7199E-1	-1.5920E+3
-4.4313E-1	4.7321E-1	-1.2610E+3
-4.4290E-1	4.7321E-1	-7.5000E+2
-4.4278E-1	4.7345E-1	-9.6500E+2
-4.4254E-1	4.7710E-1	-8.8600E+2
-4.4231E-1	4.7807E-1	-1.2830E+3
-4.4207E-1	4.8098E-1	-1.4190E+3
-4.4184E-1	4.8147E-1	-1.3200E+3
-4.4172E-1	4.8171E-1	-1.0000E+3
-4.4149E-1	4.8244E-1	-1.8010E+3
-4.4125E-1	4.8487E-1	-1.0430E+3
-4.4102E-1	4.8584E-1	-9.5000E+2
-4.4078E-1	4.8779E-1	-1.7640E+3
-4.4054E-1	4.8803E-1	-1.2090E+3
-4.4043E-1	4.9119E-1	-1.1990E+3
-4.4019E-1	4.9070E-1	-1.5730E+3
-4.3996E-1	4.9216E-1	-8.2800E+2
-4.3972E-1	4.9362E-1	-1.3070E+3
-4.3949E-1	4.9653E-1	-1.4430E+3
-4.3937E-1	4.9532E-1	-9.9900E+2
-4.3913E-1	4.9847E-1	-1.1850E+3
-4.3890E-1	4.9872E-1	-9.5300E+2
-4.3866E-1	5.0115E-1	-1.1720E+3
-4.3843E-1	5.0260E-1	-1.3410E+3
-4.3831E-1	5.0430E-1	-7.9400E+2
-4.3807E-1	5.0503E-1	-1.3600E+3
-4.3784E-1	5.0601E-1	-1.2800E+3
-4.3760E-1	5.0892E-1	-1.3590E+3
-4.3737E-1	5.0916E-1	-1.3050E+3
-4.3725E-1	5.1062E-1	-9.1700E+2
-4.3701E-1	5.1232E-1	-1.0760E+3
-4.3678E-1	5.1378E-1	-1.7890E+3
-4.3654E-1	5.1524E-1	-8.3400E+2
-4.3631E-1	5.1669E-1	-1.6960E+3
-4.3619E-1	5.1694E-1	-9.9300E+2
-4.3596E-1	5.1937E-1	-1.1230E+3
-4.3572E-1	5.1815E-1	-1.0830E+3
-4.3549E-1	5.1961E-1	-1.5920E+3
-4.3525E-1	5.2228E-1	-1.5410E+3
-4.3513E-1	5.2301E-1	-1.1060E+3
-4.3490E-1	5.2495E-1	-1.6300E+3
-4.3466E-1	5.2690E-1	-1.5380E+3
-4.3443E-1	5.2714E-1	-7.9900E+2
-4.3419E-1	5.3054E-1	-9.3800E+2
-4.3396E-1	5.3030E-1	-1.1980E+3
-4.3384E-1	5.3224E-1	-1.3840E+3
-4.3360E-1	5.3273E-1	-9.4800E+2
-4.3337E-1	5.3394E-1	-1.5260E+3
-4.3313E-1	5.3467E-1	-1.3020E+3
-4.3290E-1	5.3734E-1	-1.8200E+3
-4.3278E-1	5.3710E-1	-1.7080E+3
-4.3254E-1	5.3759E-1	-1.1120E+3
-4.3231E-1	5.4026E-1	-1.3550E+3
-4.3207E-1	5.4026E-1	-1.2580E+3
-4.3184E-1	5.4269E-1	-9.4300E+2
-4.3172E-1	5.4463E-1	-1.2890E+3
-4.3148E-1	5.4536E-1	-1.1100E+3
-4.3125E-1	5.4560E-1	-1.5000E+3
-4.3101E-1	5.5022E-1	-1.0050E+3
-4.3078E-1	5.4900E-1	-1.3370E+3
-4.3066E-1	5.5168E-1	-9.0000E+2
-4.3043E-1	5.5265E-1	-1.0850E+3
-4.3019E-1	5.5362E-1	-1.0960E+3
-4.2996E-1	5.5411E-1	-1.3210E+3
-4.2972E-1	5.5605E-1	-1.4810E+3
-4.2960E-1	5.5678E-1	-1.3010E+3
-4.2937E-1	5.5824E-1	-1.5210E+3
-4.2913E-1	5.6042E-1	-8.6400E+2
-4.2890E-1	5.6164E-1	-1.3340E+3
-4.2866E-1	5.6237E-1	-9.9100E+2
-4.2843E-1	5.6431E-1	-1.0830E+3
-4.2831E-1	5.6625E-1	-1.5200E+3
-4.2807E-1	5.6771E-1	-6.9100E+2
-4.2784E-1	5.6650E-1	-8.9600E+2
-4.2760E-1	5.6868E-1	-1.4970E+3
-4.2737E-1	5.6941E-1	-1.3370E+3
-4.2725E-1	5.7184E-1	-1.5870E+3
-4.2701E-1	5.7208E-1	-8.4200E+2
-4.2678E-1	5.7451E-1	-1.2040E+3
-4.2654E-1	5.7548E-1	-1.2980E+3
-4.2631E-1	5.7670E-1	-1.1220E+3
-4.2619E-1	5.7670E-1	-8.2500E+2
-4.2596E-1	5.7840E-1	-1.2080E+3
-4.2572E-1	5.7864E-1	-1.3520E+3
-4.2548E-1	5.8180E-1	-1.0870E+3
-4.2525E-1	5.8326E-1	-8.6900E+2
-4.2513E-1	5.8399E-1	-1.2850E+3
-4.2490E-1	5.8496E-1	-1.6190E+3
-4.2466E-1	5.8666E-1	-1.3560E+3
-4.2443E-1	5.8836E-1	-9.6100E+2
-4.2419E-1	5.8885E-1	-1.3520E+3
-4.2407E-1	5.8957E-1	-9.5200E+2
-4.2384E-1	5.9225E-1	-9.4400E+2
-4.2360E-1	5.9225E-1	-1.3600E+3
-4.2337E-1	5.9298E-1	-1.2420E+3
-4.2313E-1	5.9468E-1	-1.5310E+3
-4.2290E-1	5.9808E-1	-9.1900E+2
-4.2278E-1	5.9783E-1	-1.2500E+3
-4.2254E-1	5.9808E-1	-7.8800E+2
-4.2231E-1	5.9783E-1	-8.8900E+2
-4.2207E-1	6.0051E-1	-9.9200E+2
-4.2184E-1	6.0099E-1	-7.2000E+2
-4.2172E-1	6.0294E-1	-1.4920E+3
-4.2148E-1	6.0439E-1	-1.1160E+3
-4.2125E-1	6.0658E-1	-9.0100E+2
-4.2101E-1	6.0804E-1	-5.4000E+2
-4.2078E-1	6.0877E-1	-1.3580E+3
-4.2066E-1	6.0731E-1	-8.5100E+2
-4.2043E-1	6.0974E-1	-1.7130E+3
-4.2019E-1	6.1095E-1	-8.9100E+2
-4.1995E-1	6.1362E-1	-8.1900E+2
-4.1972E-1	6.1241E-1	-1.2820E+3
-4.1960E-1	6.1362E-1	-1.3270E+3
-4.1937E-1	6.1557E-1	-8.6200E+2
-4.1913E-1	6.1775E-1	-1.0750E+3
-4.1890E-1	6.1678E-1	-9.0600E+2
-4.1866E-1	6.1800E-1	-1.4440E+3
-4.1854E-1	6.1946E-1	-8.9000E+2
-4.1831E-1	6.2043E-1	-1.2400E+3
-4.1807E-1	6.2091E-1	-8.5300E+2
-4.1784E-1	6.2334E-1	-1.0370E+3
-4.1760E-1	6.2407E-1	-1.2490E+3
-4.1748E-1	6.2553E-1	-1.0620E+3
-4.1725E-1	6.2431E-1	-1.2610E+3
-4.1701E-1	6.2699E-1	-1.1320E+3
-4.1678E-1	6.2820E-1	-6.8700E+2
-4.1654E-1	6.2990E-1	-1.4540E+3
-4.1631E-1	6.2942E-1	-9.5100E+2
-4.1619E-1	6.3039E-1	-1.0910E+3
-4.1595E-1	6.3039E-1	-1.2130E+3
-4.1572E-1	6.3379E-1	-8.3300E+2
-4.1548E-1	6.3403E-1	-6.2300E+2
-4.1525E-1	6.3525E-1	-9.4600E+2
-4.1513E-1	6.3646E-1	-9.7300E+2
-4.1490E-1	6.3913E-1	-1.2790E+3
-4.1466E-1	6.3695E-1	-1.2960E+3
-4.1442E-1	6.3889E-1	-1.9130E+3
-4.1419E-1	6.4035E-1	-1.8930E+3
-4.1407E-1	6.4180E-1	-9.8500E+2
-4.1384E-1	6.4180E-1	-6.7000E+2
-4.1360E-1	6.4351E-1	-6.4300E+2
-4.1337E-1	6.4423E-1	-1.4940E+3
-4.1313E-1	6.4448E-1	-1.1650E+3
-4.1301E-1	6.4618E-1	-1.0320E+3
-4.1278E-1	6.4739E-1	-1.0760E+3
-4.1254E-1	6.4764E-1	-1.1590E+3
-4.1231E-1	6.4885E-1	-8.8300E+2
-4.1207E-1	6.4958E-1	-8.7300E+2
-4.1195E-1	6.5031E-1	-7.3200E+2
-4.1172E-1	6.5128E-1	-1.0620E+3
-4.1148E-1	6.5225E-1	-4.2200E+2
-4.1125E-1	6.5249E-1	-1.0260E+3
-4.1101E-1	6.5395E-1	-1.0340E+3
-4.1078E-1	6.5419E-1	-9.6900E+2
-4.1066E-1	6.5444E-1	-1.1180E+3
-4.1042E-1	6.5614E-1	-1.2680E+3
-4.1019E-1	6.5735E-1	-8.4000E+2
-4.0995E-1	6.5808E-1	-4.2100E+2
-4.0972E-1	6.5881E-1	-7.4000E+2
-4.0960E-1	6.6075E-1	4.5000E+1
-4.0937E-1	6.6124E-1	-1.0580E+3
-4.0913E-1	6.6100E-1	-8.8600E+2
-4.0889E-1	6.6318E-1	-9.2200E+2
-4.0866E-1	6.6318E-1	-1.0340E+3
-4.0854E-1	6.6415E-1	-1.1120E+3
-4.0831E-1	6.6586E-1	-4.6800E+2
-4.0807E-1	6.6658E-1	-1.0430E+3
-4.0784E-1	6.6780E-1	-1.2700E+3
-4.0760E-1	6.6683E-1	-1.4210E+3
-4.0748E-1	6.6877E-1	-7.5500E+2
-4.0725E-1	6.6999E-1	-6.8500E+2
-4.0701E-1	6.7169E-1	-1.0660E+3
-4.0678E-1	6.7144E-1	-1.3350E+3
-4.0654E-1	6.7120E-1	-1.6000E+2
-4.0642E-1	6.7436E-1	-5.6800E+2
-4.0619E-1	6.7363E-1	-9.6400E+2
-4.0595E-1	6.7630E-1	-1.2170E+3
-4.0572E-1	6.7509E-1	-3.7400E+2
