Aux out [V]	Aux in [V]	PDH out [a.u.]
-8.0810E-1	7.0035E-1	-6.8000E+1
-8.0798E-1	7.0084E-1	4.2500E+2
-8.0775E-1	7.0108E-1	-4.0300E+2
-8.0763E-1	6.9962E-1	2.3900E+2
-8.0740E-1	6.9987E-1	4.0200E+2
-8.0716E-1	6.9695E-1	6.6000E+1
-8.0704E-1	6.9817E-1	-2.7800E+2
-8.0681E-1	6.9792E-1	1.1800E+2
-8.0657E-1	6.9744E-1	7.4800E+2
-8.0645E-1	6.9938E-1	-2.5700E+2
-8.0622E-1	6.9768E-1	-6.4900E+2
-8.0598E-1	6.9865E-1	-1.0000E+0
-8.0587E-1	6.9574E-1	5.8000E+1
-8.0563E-1	6.9671E-1	4.3500E+2
-8.0551E-1	6.9574E-1	3.3000E+1
-8.0528E-1	6.9744E-1	-4.8000E+1
-8.0504E-1	6.9744E-1	-1.5900E+2
-8.0492E-1	6.9598E-1	5.6800E+2
-8.0469E-1	6.9404E-1	5.3000E+1
-8.0445E-1	6.9574E-1	3.1700E+2
-8.0434E-1	6.9622E-1	-5.2000E+2
-8.0410E-1	6.9355E-1	-2.4300E+2
-8.0387E-1	6.9355E-1	1.2800E+2
-8.0375E-1	6.9428E-1	-3.9600E+2
-8.0351E-1	6.9282E-1	-4.0100E+2
-8.0328E-1	6.9258E-1	-1.7600E+2
-8.0316E-1	6.9258E-1	-2.6600E+2
-8.0292E-1	6.9282E-1	1.0200E+2
-8.0281E-1	6.9209E-1	-2.2700E+2
-8.0257E-1	6.9209E-1	-1.7600E+2
-8.0234E-1	6.9136E-1	2.3900E+2
-8.0222E-1	6.9112E-1	-2.7600E+2
-8.0198E-1	6.9136E-1	-1.6900E+2
-8.0175E-1	6.8893E-1	4.5400E+2
-8.0163E-1	6.9161E-1	-6.0000E+1
-8.0139E-1	6.8966E-1	-4.9900E+2
-8.0116E-1	6.8918E-1	-3.7300E+2
-8.0104E-1	6.8869E-1	-7.0000E+0
-8.0081E-1	6.8772E-1	-1.9700E+2
-8.0069E-1	6.8821E-1	-4.7000E+1
-8.0045E-1	6.8796E-1	-7.5900E+2
-8.0022E-1	6.8578E-1	2.8000E+2
-8.0010E-1	6.8845E-1	-7.3000E+1
-7.9987E-1	6.8650E-1	-3.2100E+2
-7.9963E-1	6.8408E-1	-3.0800E+2
-7.9951E-1	6.8480E-1	4.9000E+2
-7.9928E-1	6.8480E-1	-5.5700E+2
-7.9904E-1	6.8505E-1	-1.6400E+2
-7.9892E-1	6.8505E-1	3.4100E+2
-7.9869E-1	6.8505E-1	1.0200E+2
-7.9857E-1	6.8408E-1	1.8000E+1
-7.9834E-1	6.8359E-1	-2.8500E+2
-7.9810E-1	6.8262E-1	4.7000E+2
-7.9798E-1	6.8286E-1	-1.8900E+2
-7.9775E-1	6.8140E-1	-2.4000E+1
-7.9751E-1	6.8165E-1	2.4300E+2
-7.9739E-1	6.8092E-1	-7.6000E+1
-7.9716E-1	6.8140E-1	3.4900E+2
-7.9692E-1	6.8067E-1	-1.9800E+2
-7.9681E-1	6.8165E-1	3.7700E+2
-7.9657E-1	6.8043E-1	9.5000E+1
-7.9645E-1	6.7922E-1	3.1400E+2
-7.9622E-1	6.7995E-1	-2.0000E+2
-7.9598E-1	6.7824E-1	2.4700E+2
-7.9587E-1	6.7995E-1	-1.8300E+2
-7.9563E-1	6.7776E-1	-7.2600E+2
-7.9539E-1	6.7776E-1	-1.8700E+2
-7.9528E-1	6.7776E-1	-1.3000E+1
-7.9504E-1	6.7873E-1	-4.9000E+2
-7.9481E-1	6.7679E-1	-2.4600E+2
-7.9469E-1	6.7824E-1	-1.7700E+2
-7.9445E-1	6.7752E-1	-1.9600E+2
-7.9422E-1	6.7654E-1	-1.0200E+2
-7.9410E-1	6.7654E-1	-5.1000E+1
-7.9386E-1	6.7703E-1	-2.4100E+2
-7.9375E-1	6.7654E-1	-1.9200E+2
-7.9351E-1	6.7533E-1	-1.1100E+2
-7.9328E-1	6.7411E-1	-5.3600E+2
-7.9316E-1	6.7460E-1	-3.8000E+1
-7.9292E-1	6.7411E-1	-4.6000E+1
-7.9269E-1	6.7290E-1	2.8900E+2
-7.9257E-1	6.7411E-1	-5.0000E+0
-7.9234E-1	6.7120E-1	3.4300E+2
-7.9210E-1	6.7047E-1	-5.8000E+1
-7.9198E-1	6.7023E-1	3.4700E+2
-7.9175E-1	6.7023E-1	2.4000E+1
-7.9163E-1	6.7120E-1	-1.4100E+2
-7.9139E-1	6.6926E-1	-8.0000E+1
-7.9116E-1	6.6999E-1	8.7900E+2
-7.9104E-1	6.7023E-1	-1.0100E+2
-7.9081E-1	6.6853E-1	-7.1600E+2
-7.9069E-1	6.6683E-1	-3.3300E+2
-7.9045E-1	6.6707E-1	-2.0000E+1
-7.9022E-1	6.6731E-1	4.3800E+2
-7.9010E-1	6.6610E-1	-2.7800E+2
-7.8986E-1	6.6440E-1	-6.8300E+2
-7.8963E-1	6.6561E-1	2.0200E+2
-7.8951E-1	6.6561E-1	2.3900E+2
-7.8928E-1	6.6464E-1	-4.1200E+2
-7.8904E-1	6.6318E-1	5.6200E+2
-7.8892E-1	6.6367E-1	-2.3500E+2
-7.8869E-1	6.6245E-1	1.6000E+2
-7.8857E-1	6.6343E-1	-2.2900E+2
-7.8834E-1	6.6148E-1	5.0400E+2
-7.8810E-1	6.6124E-1	-5.7000E+1
-7.8798E-1	6.6245E-1	-2.5700E+2
-7.8775E-1	6.6027E-1	-2.3300E+2
-7.8751E-1	6.6027E-1	6.1800E+2
-7.8739E-1	6.5954E-1	2.8500E+2
-7.8716E-1	6.6027E-1	4.9000E+2
-7.8692E-1	6.5930E-1	1.7000E+2
-7.8681E-1	6.5954E-1	-4.2000E+1
-7.8657E-1	6.5735E-1	1.2300E+2
-7.8645E-1	6.5735E-1	3.8900E+2
-7.8622E-1	6.5565E-1	0.0000E+0
-7.8598E-1	6.5590E-1	-3.1800E+2
-7.8586E-1	6.5614E-1	1.3600E+2
-7.8563E-1	6.5687E-1	-5.3700E+2
-7.8539E-1	6.5419E-1	-3.3100E+2
-7.8528E-1	6.5444E-1	-5.7000E+1
-7.8504E-1	6.5492E-1	-1.2000E+1
-7.8481E-1	6.5395E-1	1.3500E+2
-7.8469E-1	6.5419E-1	1.7200E+2
-7.8445E-1	6.5249E-1	-1.7100E+2
-7.8422E-1	6.5177E-1	-1.2200E+2
-7.8410E-1	6.5104E-1	1.2100E+2
-7.8386E-1	6.5225E-1	-5.9800E+2
-7.8375E-1	6.5201E-1	1.8800E+2
-7.8351E-1	6.5177E-1	2.4400E+2
-7.8328E-1	6.5055E-1	1.1300E+2
-7.8316E-1	6.5055E-1	-1.0600E+2
-7.8292E-1	6.4934E-1	6.3400E+2
-7.8269E-1	6.4958E-1	1.7000E+2
-7.8257E-1	6.4861E-1	2.0500E+2
-7.8233E-1	6.4788E-1	4.8300E+2
-7.8210E-1	6.4909E-1	1.1000E+1
-7.8198E-1	6.4642E-1	-2.6700E+2
-7.8175E-1	6.4593E-1	-1.2200E+2
-7.8163E-1	6.4764E-1	-6.5600E+2
-7.8139E-1	6.4496E-1	-1.1200E+2
-7.8116E-1	6.4545E-1	1.0000E+1
-7.8104E-1	6.4496E-1	9.7000E+1
-7.8081E-1	6.4521E-1	2.0400E+2
-7.8057E-1	6.4326E-1	1.3800E+2
-7.8045E-1	6.4399E-1	6.6500E+2
-7.8022E-1	6.4351E-1	1.1100E+2
-7.7998E-1	6.4302E-1	-6.5500E+2
-7.7986E-1	6.4302E-1	-3.2000E+1
-7.7963E-1	6.4351E-1	-4.0600E+2
-7.7951E-1	6.4229E-1	-3.3000E+2
-7.7928E-1	6.4302E-1	9.3000E+1
-7.7904E-1	6.4205E-1	-7.9000E+1
-7.7892E-1	6.4180E-1	-1.4000E+1
-7.7869E-1	6.4180E-1	1.2000E+2
-7.7845E-1	6.4253E-1	-7.7000E+1
-7.7833E-1	6.4180E-1	-1.2600E+2
-7.7810E-1	6.4010E-1	3.5700E+2
-7.7786E-1	6.4010E-1	1.6800E+2
-7.7775E-1	6.4010E-1	-1.7000E+1
-7.7751E-1	6.3913E-1	-2.0000E+1
-7.7739E-1	6.3889E-1	1.0600E+2
-7.7716E-1	6.3986E-1	-4.2700E+2
-7.7692E-1	6.4035E-1	-5.2300E+2
-7.7680E-1	6.3962E-1	-4.2800E+2
-7.7657E-1	6.3889E-1	-6.5000E+1
-7.7633E-1	6.3986E-1	-1.7500E+2
-7.7622E-1	6.3865E-1	-8.0800E+2
-7.7598E-1	6.3938E-1	-6.8900E+2
-7.7575E-1	6.3938E-1	-3.6600E+2
-7.7563E-1	6.4035E-1	8.0900E+2
-7.7539E-1	6.3719E-1	6.7400E+2
-7.7516E-1	6.3743E-1	7.7800E+2
-7.7504E-1	6.3622E-1	2.4500E+2
-7.7480E-1	6.3646E-1	2.1500E+2
-7.7469E-1	6.3525E-1	2.8800E+2
-7.7445E-1	6.3233E-1	4.2400E+2
-7.7422E-1	6.3330E-1	7.3700E+2
-7.7410E-1	6.3282E-1	1.0770E+3
-7.7386E-1	6.3039E-1	1.0940E+3
-7.7363E-1	6.2917E-1	-2.0500E+2
-7.7351E-1	6.2820E-1	4.7700E+2
-7.7328E-1	6.2747E-1	7.0000E+1
-7.7304E-1	6.2650E-1	1.0200E+2
-7.7292E-1	6.2601E-1	-3.2000E+1
-7.7269E-1	6.2650E-1	-6.9000E+1
-7.7257E-1	6.2456E-1	8.0000E+0
-7.7233E-1	6.2407E-1	3.2400E+2
-7.7210E-1	6.2480E-1	-2.0300E+2
-7.7198E-1	6.2358E-1	1.4900E+2
-7.7175E-1	6.2286E-1	-4.2400E+2
-7.7151E-1	6.2261E-1	-3.9500E+2
-7.7139E-1	6.2116E-1	2.5400E+2
-7.7116E-1	6.1970E-1	5.5600E+2
-7.7092E-1	6.2067E-1	1.9100E+2
-7.7080E-1	6.1946E-1	-9.0000E+0
-7.7057E-1	6.1897E-1	-3.6000E+1
-7.7045E-1	6.1921E-1	2.6000E+2
-7.7022E-1	6.1824E-1	-1.6200E+2
-7.6998E-1	6.1654E-1	4.9200E+2
-7.6986E-1	6.1654E-1	1.9900E+2
-7.6963E-1	6.1703E-1	-2.2400E+2
-7.6939E-1	6.1654E-1	5.2000E+2
-7.6927E-1	6.1533E-1	5.4000E+1
-7.6904E-1	6.1605E-1	-4.5500E+2
-7.6880E-1	6.1508E-1	-1.8100E+2
-7.6869E-1	6.1265E-1	-2.1100E+2
-7.6845E-1	6.1168E-1	2.5700E+2
-7.6822E-1	6.1217E-1	6.3000E+1
-7.6810E-1	6.1290E-1	-1.8800E+2
-7.6786E-1	6.1071E-1	5.5000E+2
-7.6775E-1	6.1071E-1	5.6000E+1
-7.6751E-1	6.1047E-1	4.0000E+1
-7.6727E-1	6.0852E-1	1.1000E+1
-7.6716E-1	6.0901E-1	5.7000E+1
-7.6692E-1	6.0852E-1	3.4800E+2
-7.6669E-1	6.0949E-1	6.9800E+2
-7.6657E-1	6.0852E-1	6.0000E+1
-7.6633E-1	6.0852E-1	6.4000E+1
-7.6610E-1	6.0731E-1	-4.5600E+2
-7.6598E-1	6.0682E-1	-4.0000E+2
-7.6575E-1	6.0609E-1	5.9100E+2
-7.6563E-1	6.0609E-1	-1.0100E+2
-7.6539E-1	6.0391E-1	-2.5300E+2
-7.6516E-1	6.0439E-1	3.0100E+2
-7.6504E-1	6.0464E-1	1.1400E+2
-7.6480E-1	6.0294E-1	-1.8100E+2
-7.6457E-1	6.0318E-1	1.2200E+2
-7.6445E-1	6.0245E-1	-1.3600E+2
-7.6422E-1	6.0488E-1	2.5000E+2
-7.6398E-1	6.0294E-1	2.1200E+2
-7.6386E-1	6.0172E-1	1.9000E+2
-7.6363E-1	6.0221E-1	-4.5400E+2
-7.6351E-1	6.0075E-1	-1.2000E+1
-7.6327E-1	6.0269E-1	1.2800E+2
-7.6304E-1	5.9978E-1	1.8500E+2
-7.6292E-1	6.0051E-1	-4.1800E+2
-7.6269E-1	5.9953E-1	-2.0000E+0
-7.6257E-1	5.9735E-1	5.3200E+2
-7.6233E-1	5.9881E-1	-7.4000E+1
-7.6210E-1	5.9711E-1	2.4200E+2
-7.6198E-1	5.9662E-1	1.8000E+2
-7.6174E-1	5.9711E-1	3.1600E+2
-7.6151E-1	5.9759E-1	-2.2800E+2
-7.6139E-1	5.9905E-1	9.9000E+1
-7.6116E-1	5.9662E-1	-4.4100E+2
-7.6092E-1	5.9540E-1	-2.4000E+1
-7.6080E-1	5.9540E-1	-1.4900E+2
-7.6057E-1	5.9589E-1	1.5000E+2
-7.6045E-1	5.9540E-1	-2.8500E+2
-7.6022E-1	5.9516E-1	-2.0000E+2
-7.5998E-1	5.9589E-1	-4.5800E+2
-7.5986E-1	5.9395E-1	-5.7400E+2
-7.5963E-1	5.9492E-1	6.5500E+2
-7.5939E-1	5.9638E-1	-5.3700E+2
-7.5927E-1	5.9589E-1	-5.1500E+2
-7.5904E-1	5.9638E-1	-1.8700E+2
-7.5880E-1	5.9565E-1	-7.1900E+2
-7.5869E-1	5.9613E-1	-4.5500E+2
-7.5845E-1	5.9516E-1	-5.3500E+2
-7.5822E-1	5.9370E-1	-3.6900E+2
-7.5810E-1	5.9443E-1	4.0100E+2
-7.5786E-1	5.9346E-1	3.2000E+1
-7.5774E-1	5.9322E-1	2.1100E+2
-7.5751E-1	5.9273E-1	9.3000E+2
-7.5727E-1	5.9152E-1	1.1700E+2
-7.5716E-1	5.9249E-1	5.0700E+2
-7.5692E-1	5.8885E-1	5.8400E+2
-7.5669E-1	5.8714E-1	2.5800E+2
-7.5657E-1	5.8617E-1	2.5500E+2
-7.5633E-1	5.8593E-1	-3.4000E+1
-7.5610E-1	5.8496E-1	5.8400E+2
-7.5598E-1	5.8374E-1	2.5500E+2
-7.5574E-1	5.8131E-1	2.0200E+2
-7.5563E-1	5.8302E-1	-1.6900E+2
-7.5539E-1	5.8107E-1	6.1800E+2
-7.5516E-1	5.8083E-1	-7.2000E+1
-7.5504E-1	5.8010E-1	-5.1800E+2
-7.5480E-1	5.7889E-1	2.2000E+2
-7.5457E-1	5.7597E-1	1.0000E+2
-7.5445E-1	5.7840E-1	1.9800E+2
-7.5421E-1	5.7694E-1	4.0400E+2
-7.5398E-1	5.7621E-1	-2.4000E+1
-7.5386E-1	5.7524E-1	3.0500E+2
-7.5363E-1	5.7621E-1	-1.1500E+2
-7.5351E-1	5.7573E-1	2.4200E+2
-7.5327E-1	5.7451E-1	-1.7000E+1
-7.5304E-1	5.7378E-1	-1.7300E+2
-7.5292E-1	5.7305E-1	2.6400E+2
-7.5269E-1	5.7330E-1	3.5400E+2
-7.5245E-1	5.7208E-1	5.6000E+2
-7.5233E-1	5.7160E-1	-2.6700E+2
-7.5210E-1	5.7160E-1	3.7000E+1
-7.5186E-1	5.6941E-1	-2.5500E+2
-7.5174E-1	5.7063E-1	-1.3100E+2
-7.5151E-1	5.7063E-1	6.0800E+2
-7.5139E-1	5.6844E-1	3.5900E+2
-7.5116E-1	5.6965E-1	2.4000E+1
-7.5092E-1	5.6965E-1	7.2300E+2
-7.5080E-1	5.6941E-1	3.1000E+1
-7.5057E-1	5.6795E-1	-1.7300E+2
-7.5033E-1	5.6917E-1	2.9700E+2
-7.5021E-1	5.6795E-1	1.6300E+2
-7.4998E-1	5.6795E-1	-2.7800E+2
-7.4974E-1	5.6820E-1	-4.1000E+2
-7.4963E-1	5.6868E-1	-4.5000E+1
-7.4939E-1	5.6771E-1	4.4100E+2
-7.4916E-1	5.6844E-1	-7.2000E+1
-7.4904E-1	5.6625E-1	2.8300E+2
-7.4880E-1	5.6528E-1	1.1500E+2
-7.4869E-1	5.6820E-1	2.3000E+2
-7.4845E-1	5.6893E-1	-3.3000E+1
-7.4821E-1	5.6650E-1	-7.3600E+2
-7.4810E-1	5.6965E-1	-6.3900E+2
-7.4786E-1	5.7063E-1	-3.6000E+2
-7.4763E-1	5.6917E-1	-6.7300E+2
-7.4751E-1	5.7233E-1	-9.7700E+2
-7.4727E-1	5.7500E-1	-8.8400E+2
-7.4704E-1	5.7548E-1	-1.5380E+3
-7.4692E-1	5.7913E-1	-1.2070E+3
-7.4668E-1	5.8156E-1	-3.9500E+2
-7.4657E-1	5.8180E-1	-4.0100E+2
-7.4633E-1	5.7986E-1	-2.1000E+2
-7.4610E-1	5.8107E-1	-7.3000E+1
-7.4598E-1	5.7961E-1	7.4100E+2
-7.4574E-1	5.7573E-1	8.2000E+2
-7.4551E-1	5.7330E-1	1.6700E+3
-7.4539E-1	5.6917E-1	1.7370E+3
-7.4516E-1	5.6917E-1	7.4000E+2
-7.4492E-1	5.6285E-1	9.5800E+2
-7.4480E-1	5.6188E-1	1.4020E+3
-7.4457E-1	5.6115E-1	6.1400E+2
-7.4445E-1	5.5896E-1	6.0900E+2
-7.4421E-1	5.5872E-1	8.9000E+1
-7.4398E-1	5.5654E-1	3.9400E+2
-7.4386E-1	5.5678E-1	5.4800E+2
-7.4363E-1	5.5338E-1	4.6700E+2
-7.4339E-1	5.5265E-1	1.8100E+2
-7.4327E-1	5.5216E-1	-4.3000E+1
-7.4304E-1	5.5168E-1	3.7900E+2
-7.4280E-1	5.5168E-1	1.5500E+2
-7.4268E-1	5.5071E-1	-1.8800E+2
-7.4245E-1	5.4949E-1	2.9500E+2
-7.4233E-1	5.4852E-1	-2.3700E+2
-7.4210E-1	5.4852E-1	3.0000E+1
-7.4186E-1	5.4755E-1	1.3500E+2
-7.4174E-1	5.4682E-1	1.2500E+2
-7.4151E-1	5.4536E-1	2.8000E+1
-7.4127E-1	5.4682E-1	3.9100E+2
-7.4116E-1	5.4536E-1	-1.4600E+2
-7.4092E-1	5.4463E-1	1.2300E+2
-7.4068E-1	5.4487E-1	3.0900E+2
-7.4057E-1	5.4439E-1	2.4700E+2
-7.4033E-1	5.4342E-1	-4.3100E+2
-7.4010E-1	5.4220E-1	-3.9300E+2
-7.3998E-1	5.4220E-1	3.3600E+2
-7.3974E-1	5.4026E-1	-8.3000E+1
-7.3963E-1	5.4026E-1	6.5200E+2
-7.3939E-1	5.4026E-1	-9.6000E+1
-7.3916E-1	5.4172E-1	-6.0000E+1
-7.3904E-1	5.3929E-1	3.0500E+2
-7.3880E-1	5.4002E-1	1.8300E+2
-7.3868E-1	5.4050E-1	2.9400E+2
-7.3845E-1	5.3880E-1	-2.6700E+2
-7.3821E-1	5.3759E-1	-2.7000E+1
-7.3810E-1	5.3880E-1	-2.3300E+2
-7.3786E-1	5.3977E-1	2.0000E+2
-7.3763E-1	5.3904E-1	3.7000E+1
-7.3751E-1	5.3759E-1	2.4100E+2
-7.3727E-1	5.3783E-1	-1.5200E+2
-7.3704E-1	5.3686E-1	-1.5600E+2
-7.3692E-1	5.3491E-1	1.1100E+2
-7.3668E-1	5.3491E-1	-1.5200E+2
-7.3657E-1	5.3637E-1	2.7300E+2
-7.3633E-1	5.3613E-1	4.0200E+2
-7.3610E-1	5.3637E-1	-2.3400E+2
-7.3598E-1	5.3467E-1	2.0800E+2
-7.3574E-1	5.3394E-1	9.5000E+1
-7.3551E-1	5.3564E-1	1.1900E+2
-7.3539E-1	5.3467E-1	-2.6600E+2
-7.3515E-1	5.3467E-1	-9.3000E+1
-7.3492E-1	5.3491E-1	4.0400E+2
-7.3480E-1	5.3370E-1	4.4500E+2
-7.3457E-1	5.3467E-1	4.9300E+2
-7.3445E-1	5.3467E-1	-2.9400E+2
-7.3421E-1	5.3491E-1	-1.4700E+2
-7.3398E-1	5.3394E-1	-1.4400E+2
-7.3386E-1	5.3321E-1	-7.1000E+2
-7.3363E-1	5.3467E-1	-3.5600E+2
-7.3339E-1	5.3273E-1	-5.8700E+2
-7.3327E-1	5.3516E-1	-4.9300E+2
-7.3304E-1	5.3443E-1	-3.7700E+2
-7.3280E-1	5.3516E-1	-7.8000E+1
-7.3268E-1	5.3540E-1	-5.4000E+2
-7.3245E-1	5.3564E-1	-3.5400E+2
-7.3233E-1	5.3686E-1	-1.8500E+2
-7.3210E-1	5.3929E-1	-3.1700E+2
-7.3186E-1	5.3856E-1	-5.5700E+2
-7.3174E-1	5.4099E-1	-7.1800E+2
-7.3151E-1	5.4099E-1	-8.7300E+2
-7.3127E-1	5.4390E-1	-1.3700E+3
-7.3115E-1	5.4415E-1	-1.2540E+3
-7.3092E-1	5.4682E-1	-9.8800E+2
-7.3068E-1	5.5022E-1	-1.9060E+3
-7.3057E-1	5.5508E-1	-1.5480E+3
-7.3033E-1	5.5896E-1	-2.3030E+3
-7.3010E-1	5.6528E-1	-2.0620E+3
-7.2998E-1	5.7233E-1	-2.7870E+3
-7.2974E-1	5.7743E-1	-2.0070E+3
-7.2962E-1	5.7767E-1	-1.8610E+3
-7.2939E-1	5.8131E-1	-1.8370E+3
-7.2915E-1	5.8277E-1	-2.4300E+2
-7.2904E-1	5.8253E-1	-7.2000E+1
-7.2880E-1	5.8326E-1	5.5900E+2
-7.2857E-1	5.7961E-1	1.4150E+3
-7.2845E-1	5.7233E-1	2.1550E+3
-7.2821E-1	5.6868E-1	2.4930E+3
-7.2798E-1	5.6139E-1	2.1500E+3
-7.2786E-1	5.5629E-1	2.2070E+3
-7.2762E-1	5.5071E-1	2.3490E+3
-7.2751E-1	5.4828E-1	1.8460E+3
-7.2727E-1	5.4852E-1	1.1800E+3
-7.2704E-1	5.4220E-1	1.5770E+3
-7.2692E-1	5.3807E-1	8.5900E+2
-7.2668E-1	5.3467E-1	1.4120E+3
-7.2645E-1	5.3030E-1	7.5500E+2
-7.2633E-1	5.2860E-1	2.2000E+1
-7.2610E-1	5.2423E-1	6.3700E+2
-7.2586E-1	5.2374E-1	5.6100E+2
-7.2574E-1	5.2374E-1	3.1800E+2
-7.2551E-1	5.2350E-1	2.3900E+2
-7.2539E-1	5.2107E-1	-2.6000E+2
-7.2515E-1	5.2107E-1	5.8700E+2
-7.2492E-1	5.1912E-1	-1.0600E+2
-7.2480E-1	5.1888E-1	5.8000E+2
-7.2457E-1	5.1621E-1	-1.3100E+2
-7.2433E-1	5.1645E-1	1.7800E+2
-7.2421E-1	5.1548E-1	1.6700E+2
-7.2398E-1	5.1524E-1	1.4000E+2
-7.2374E-1	5.1378E-1	-2.0000E+2
-7.2362E-1	5.1329E-1	6.6700E+2
-7.2339E-1	5.1256E-1	5.7000E+1
-7.2315E-1	5.1135E-1	1.7300E+2
-7.2304E-1	5.1232E-1	2.9700E+2
-7.2280E-1	5.0965E-1	-4.5400E+2
-7.2268E-1	5.1038E-1	-2.9200E+2
-7.2245E-1	5.0941E-1	-9.6000E+1
-7.2221E-1	5.0916E-1	-1.4000E+2
-7.2209E-1	5.0819E-1	1.3200E+2
-7.2186E-1	5.0819E-1	-2.5200E+2
-7.2162E-1	5.0673E-1	-3.4400E+2
-7.2151E-1	5.0819E-1	-4.1000E+2
-7.2127E-1	5.0625E-1	2.3900E+2
-7.2104E-1	5.0479E-1	-2.9500E+2
-7.2092E-1	5.0552E-1	-2.6900E+2
-7.2068E-1	5.0601E-1	2.8000E+1
-7.2057E-1	5.0479E-1	3.9600E+2
-7.2033E-1	5.0552E-1	6.5100E+2
-7.2009E-1	5.0406E-1	5.3800E+2
-7.1998E-1	5.0333E-1	1.4900E+2
-7.1974E-1	5.0236E-1	2.4100E+2
-7.1951E-1	5.0260E-1	-5.2700E+2
-7.1939E-1	5.0260E-1	-2.1900E+2
-7.1915E-1	5.0260E-1	-5.5400E+2
-7.1892E-1	5.0163E-1	4.2600E+2
-7.1880E-1	5.0309E-1	1.9300E+2
-7.1857E-1	4.9969E-1	2.1700E+2
-7.1845E-1	5.0017E-1	-1.3000E+1
-7.1821E-1	5.0066E-1	-1.9000E+2
-7.1798E-1	5.0115E-1	-1.3300E+2
-7.1786E-1	5.0090E-1	2.0900E+2
-7.1762E-1	5.0139E-1	-2.3700E+2
-7.1739E-1	4.9847E-1	-1.9800E+2
-7.1727E-1	4.9799E-1	-3.9500E+2
-7.1704E-1	4.9993E-1	-1.9100E+2
-7.1680E-1	4.9920E-1	2.5600E+2
-7.1668E-1	4.9896E-1	2.8200E+2
-7.1645E-1	4.9799E-1	-3.7400E+2
-7.1633E-1	4.9629E-1	-2.0000E+2
-7.1609E-1	4.9726E-1	-4.6400E+2
-7.1586E-1	4.9726E-1	-1.7100E+2
-7.1574E-1	4.9775E-1	-2.1000E+2
-7.1551E-1	4.9799E-1	1.9800E+2
-7.1527E-1	4.9629E-1	3.0000E+2
-7.1515E-1	4.9507E-1	1.3800E+2
-7.1492E-1	4.9750E-1	-4.3900E+2
-7.1468E-1	4.9726E-1	1.3500E+2
-7.1456E-1	4.9629E-1	-1.1600E+2
-7.1433E-1	4.9459E-1	4.0500E+2
-7.1409E-1	4.9653E-1	-4.1900E+2
-7.1398E-1	4.9677E-1	3.0200E+2
-7.1374E-1	4.9507E-1	-1.2400E+2
-7.1362E-1	4.9507E-1	2.3900E+2
-7.1339E-1	4.9362E-1	3.6100E+2
-7.1315E-1	4.9507E-1	1.4100E+2
-7.1304E-1	4.9386E-1	-2.7800E+2
-7.1280E-1	4.9556E-1	-2.5400E+2
-7.1256E-1	4.9532E-1	4.3700E+2
-7.1245E-1	4.9362E-1	2.3100E+2
-7.1221E-1	4.9386E-1	2.6700E+2
-7.1198E-1	4.9483E-1	-3.3900E+2
-7.1186E-1	4.9459E-1	-7.9000E+2
-7.1162E-1	4.9313E-1	-3.3100E+2
-7.1151E-1	4.9459E-1	2.2000E+2
-7.1127E-1	4.9362E-1	3.1200E+2
-7.1104E-1	4.9532E-1	-3.1800E+2
-7.1092E-1	4.9337E-1	-8.7000E+1
-7.1068E-1	4.9459E-1	-3.4000E+2
-7.1056E-1	4.9240E-1	1.7800E+2
-7.1033E-1	4.9167E-1	-1.9500E+2
-7.1009E-1	4.9313E-1	-4.9900E+2
-7.0998E-1	4.9362E-1	3.7200E+2
-7.0974E-1	4.9143E-1	-3.1000E+1
-7.0951E-1	4.9410E-1	-1.4000E+1
-7.0939E-1	4.9192E-1	2.1000E+2
-7.0915E-1	4.9289E-1	-3.0200E+2
-7.0892E-1	4.9240E-1	1.3200E+2
-7.0880E-1	4.9216E-1	-5.0400E+2
-7.0856E-1	4.9094E-1	2.6200E+2
-7.0845E-1	4.9119E-1	-3.0400E+2
-7.0821E-1	4.9240E-1	-5.0000E+0
-7.0798E-1	4.9216E-1	-5.4700E+2
-7.0786E-1	4.9143E-1	-8.8000E+1
-7.0762E-1	4.9070E-1	-1.5600E+2
-7.0739E-1	4.9046E-1	-3.8000E+1
-7.0727E-1	4.9289E-1	-6.4800E+2
-7.0703E-1	4.9240E-1	-1.5500E+2
-7.0680E-1	4.9240E-1	7.7000E+1
-7.0668E-1	4.9143E-1	-1.1400E+2
-7.0645E-1	4.9192E-1	-1.1200E+2
-7.0633E-1	4.9070E-1	-4.8400E+2
-7.0609E-1	4.9167E-1	-9.5000E+1
-7.0586E-1	4.9143E-1	-6.5100E+2
-7.0574E-1	4.9264E-1	-6.8000E+1
-7.0551E-1	4.9289E-1	-4.5600E+2
-7.0527E-1	4.9216E-1	-4.9700E+2
-7.0515E-1	4.9167E-1	-5.2000E+1
-7.0492E-1	4.9192E-1	-3.3300E+2
-7.0468E-1	4.9264E-1	-6.9800E+2
-7.0456E-1	4.9167E-1	-2.9700E+2
-7.0433E-1	4.9167E-1	-6.6700E+2
-7.0409E-1	4.9143E-1	-3.0800E+2
-7.0398E-1	4.9119E-1	-2.7000E+1
-7.0374E-1	4.9216E-1	2.1000E+1
-7.0362E-1	4.9167E-1	-5.3500E+2
-7.0339E-1	4.9386E-1	-3.1300E+2
-7.0315E-1	4.9264E-1	-3.6200E+2
-7.0303E-1	4.9459E-1	-8.9200E+2
-7.0280E-1	4.9192E-1	-4.0800E+2
-7.0256E-1	4.9192E-1	-2.7200E+2
-7.0245E-1	4.9289E-1	-2.7100E+2
-7.0221E-1	4.9410E-1	-5.2400E+2
-7.0198E-1	4.9556E-1	-8.8000E+2
-7.0186E-1	4.9629E-1	-1.1280E+3
-7.0162E-1	4.9677E-1	-9.6100E+2
-7.0151E-1	4.9726E-1	-1.5870E+3
-7.0127E-1	4.9945E-1	-1.0730E+3
-7.0103E-1	4.9920E-1	-7.8600E+2
-7.0092E-1	5.0139E-1	-1.4330E+3
-7.0068E-1	5.0090E-1	-8.8500E+2
-7.0045E-1	5.0260E-1	-1.2200E+3
-7.0033E-1	5.0285E-1	-2.1900E+2
-7.0009E-1	5.0406E-1	-3.5200E+2
-6.9986E-1	5.0333E-1	-2.5000E+1
-6.9974E-1	5.0382E-1	7.6000E+1
-6.9950E-1	5.0260E-1	1.1160E+3
-6.9939E-1	5.0139E-1	4.1200E+2
-6.9915E-1	5.0042E-1	-6.4000E+1
-6.9892E-1	4.9969E-1	3.2800E+2
-6.9880E-1	4.9872E-1	9.3000E+2
-6.9856E-1	4.9799E-1	8.7800E+2
-6.9833E-1	4.9629E-1	-1.2100E+2
-6.9821E-1	4.9677E-1	2.8800E+2
-6.9798E-1	4.9629E-1	-1.5700E+2
-6.9774E-1	4.9629E-1	-3.4000E+2
-6.9762E-1	4.9775E-1	5.2000E+1
-6.9739E-1	4.9556E-1	2.5900E+2
-6.9727E-1	4.9726E-1	1.1700E+2
-6.9703E-1	4.9629E-1	-3.1000E+2
-6.9680E-1	4.9702E-1	-8.2400E+2
-6.9668E-1	4.9677E-1	-5.9000E+2
-6.9645E-1	4.9556E-1	-3.7500E+2
-6.9621E-1	4.9507E-1	-2.3100E+2
-6.9609E-1	4.9580E-1	-3.8900E+2
-6.9586E-1	4.9653E-1	-4.0400E+2
-6.9562E-1	4.9556E-1	-4.8800E+2
-6.9550E-1	4.9556E-1	-1.8700E+2
-6.9527E-1	4.9580E-1	-6.0700E+2
-6.9503E-1	4.9629E-1	7.4000E+1
-6.9492E-1	4.9677E-1	-3.2300E+2
-6.9468E-1	4.9580E-1	-2.6900E+2
-6.9456E-1	4.9726E-1	-1.0190E+3
-6.9433E-1	4.9799E-1	-6.8800E+2
-6.9409E-1	4.9775E-1	4.2000E+1
-6.9398E-1	4.9823E-1	-1.6900E+2
-6.9374E-1	4.9847E-1	1.6400E+2
-6.9350E-1	4.9726E-1	-3.3200E+2
-6.9339E-1	4.9726E-1	-4.8200E+2
-6.9315E-1	4.9896E-1	-4.9000E+2
-6.9292E-1	4.9823E-1	-4.0700E+2
-6.9280E-1	4.9969E-1	-4.2700E+2
-6.9256E-1	4.9945E-1	-3.2700E+2
-6.9245E-1	4.9945E-1	-1.9900E+2
-6.9221E-1	4.9969E-1	-3.9800E+2
-6.9198E-1	4.9993E-1	-6.2100E+2
-6.9186E-1	4.9920E-1	-1.5500E+2
-6.9162E-1	5.0066E-1	-6.3000E+1
-6.9139E-1	5.0115E-1	-3.7200E+2
-6.9127E-1	5.0017E-1	-6.5000E+1
-6.9103E-1	5.0139E-1	-1.8000E+1
-6.9080E-1	5.0090E-1	-6.5800E+2
-6.9068E-1	5.0188E-1	-8.1200E+2
-6.9045E-1	5.0017E-1	-1.0000E+0
-6.9033E-1	5.0285E-1	-4.4500E+2
-6.9009E-1	5.0260E-1	-3.1000E+1
-6.8986E-1	5.0309E-1	9.5000E+1
-6.8974E-1	5.0285E-1	-6.8500E+2
-6.8950E-1	5.0309E-1	-5.0000E+0
-6.8927E-1	5.0406E-1	-8.9800E+2
-6.8915E-1	5.0260E-1	1.5000E+1
-6.8892E-1	5.0212E-1	-4.1500E+2
-6.8868E-1	5.0358E-1	3.1000E+1
-6.8856E-1	5.0455E-1	3.1000E+2
-6.8833E-1	5.0260E-1	-9.4100E+2
-6.8809E-1	5.0430E-1	-5.2700E+2
-6.8797E-1	5.0528E-1	-6.7800E+2
-6.8774E-1	5.0528E-1	-3.9200E+2
-6.8762E-1	5.0625E-1	-4.2600E+2
-6.8739E-1	5.0528E-1	-4.2200E+2
-6.8715E-1	5.0625E-1	-1.7700E+2
-6.8703E-1	5.0673E-1	1.6700E+2
-6.8680E-1	5.0673E-1	-2.5300E+2
-6.8656E-1	5.0771E-1	-2.7400E+2
-6.8645E-1	5.0795E-1	-1.2300E+3
-6.8621E-1	5.0771E-1	-7.4000E+2
-6.8597E-1	5.0819E-1	-3.4000E+2
-6.8586E-1	5.0843E-1	-9.2100E+2
-6.8562E-1	5.0941E-1	-7.4500E+2
-6.8550E-1	5.0989E-1	-7.3700E+2
-6.8527E-1	5.1014E-1	-3.2900E+2
-6.8503E-1	5.1062E-1	-8.5000E+1
-6.8492E-1	5.1086E-1	-7.0000E+1
-6.8468E-1	5.1208E-1	-5.9000E+2
-6.8456E-1	5.1232E-1	-3.6000E+2
-6.8433E-1	5.1135E-1	-9.5700E+2
-6.8409E-1	5.1305E-1	-6.1500E+2
-6.8397E-1	5.1159E-1	-5.1500E+2
-6.8374E-1	5.1305E-1	-5.1300E+2
-6.8350E-1	5.1208E-1	1.9800E+2
-6.8339E-1	5.1329E-1	-4.7800E+2
-6.8315E-1	5.1451E-1	-4.6500E+2
-6.8292E-1	5.1572E-1	-6.2200E+2
-6.8280E-1	5.1378E-1	-6.1000E+2
-6.8256E-1	5.1475E-1	-7.5300E+2
-6.8244E-1	5.1524E-1	-4.2600E+2
-6.8221E-1	5.1499E-1	-7.3500E+2
-6.8197E-1	5.1402E-1	-2.0400E+2
-6.8186E-1	5.1597E-1	-6.8000E+2
-6.8162E-1	5.1669E-1	-7.7400E+2
-6.8139E-1	5.1669E-1	-5.4100E+2
-6.8127E-1	5.1645E-1	-9.9900E+2
-6.8103E-1	5.1888E-1	-8.1700E+2
-6.8080E-1	5.1791E-1	-2.0500E+2
-6.8068E-1	5.1937E-1	-1.7300E+2
-6.8044E-1	5.1742E-1	-2.9500E+2
-6.8033E-1	5.1912E-1	-7.9400E+2
-6.8009E-1	5.1937E-1	-2.2400E+2
-6.7986E-1	5.2034E-1	-7.4500E+2
-6.7974E-1	5.2034E-1	-3.2300E+2
-6.7950E-1	5.2082E-1	-4.0300E+2
-6.7927E-1	5.2228E-1	-3.8100E+2
-6.7915E-1	5.2252E-1	-4.5700E+2
-6.7892E-1	5.2228E-1	-2.7600E+2
-6.7868E-1	5.2350E-1	-4.7900E+2
-6.7856E-1	5.2325E-1	-5.1600E+2
-6.7833E-1	5.2398E-1	-3.0300E+2
-6.7809E-1	5.2447E-1	-1.0520E+3
-6.7797E-1	5.2568E-1	-4.4900E+2
-6.7774E-1	5.2447E-1	-5.4900E+2
-6.7762E-1	5.2763E-1	-9.9000E+2
-6.7739E-1	5.2641E-1	-4.8100E+2
-6.7715E-1	5.2738E-1	-6.5600E+2
-6.7703E-1	5.2738E-1	-8.2500E+2
-6.7680E-1	5.2860E-1	-7.3200E+2
-6.7656E-1	5.2836E-1	-7.2200E+2
-6.7644E-1	5.2738E-1	-1.0970E+3
-6.7621E-1	5.2860E-1	-6.6000E+2
-6.7597E-1	5.2884E-1	2.6900E+2
-6.7586E-1	5.3054E-1	-5.0200E+2
-6.7562E-1	5.2933E-1	-8.4800E+2
-6.7550E-1	5.3127E-1	-2.5600E+2
-6.7527E-1	5.3151E-1	-9.6700E+2
-6.7503E-1	5.3127E-1	-9.7700E+2
-6.7491E-1	5.3273E-1	-3.7800E+2
-6.7468E-1	5.3419E-1	-8.6800E+2
-6.7444E-1	5.3370E-1	-1.0910E+3
-6.7433E-1	5.3394E-1	-6.6400E+2
-6.7409E-1	5.3394E-1	-9.4500E+2
-6.7386E-1	5.3419E-1	-9.6800E+2
-6.7374E-1	5.3346E-1	-5.8200E+2
-6.7350E-1	5.3491E-1	-6.6300E+2
-6.7339E-1	5.3686E-1	-6.8100E+2
-6.7315E-1	5.3516E-1	-5.6100E+2
-6.7291E-1	5.3734E-1	-4.3900E+2
-6.7280E-1	5.3710E-1	-6.0000E+0
-6.7256E-1	5.3807E-1	-5.2900E+2
-6.7233E-1	5.3783E-1	2.8000E+1
-6.7221E-1	5.3880E-1	-1.1480E+3
-6.7197E-1	5.3953E-1	-9.2200E+2
-6.7174E-1	5.4026E-1	-7.7800E+2
-6.7162E-1	5.4074E-1	-8.0600E+2
-6.7139E-1	5.4245E-1	-8.5900E+2
-6.7127E-1	5.4123E-1	-1.0000E+3
-6.7103E-1	5.4196E-1	-9.4700E+2
-6.7080E-1	5.4099E-1	-8.8100E+2
-6.7068E-1	5.4439E-1	-3.6700E+2
-6.7044E-1	5.4196E-1	-7.6400E+2
-6.7021E-1	5.4390E-1	-7.0900E+2
-6.7009E-1	5.4633E-1	-4.7800E+2
-6.6986E-1	5.4682E-1	-5.8800E+2
-6.6962E-1	5.4658E-1	-5.4200E+2
-6.6950E-1	5.4998E-1	-9.2600E+2
-6.6927E-1	5.4779E-1	-1.3500E+2
-6.6903E-1	5.4755E-1	-8.0900E+2
-6.6891E-1	5.4828E-1	-1.1870E+3
-6.6868E-1	5.4852E-1	1.2000E+2
-6.6856E-1	5.4998E-1	-1.2500E+3
-6.6833E-1	5.5046E-1	-8.2000E+2
-6.6809E-1	5.5265E-1	-2.2200E+2
-6.6797E-1	5.5241E-1	-5.5200E+2
-6.6774E-1	5.5168E-1	-1.1520E+3
-6.6750E-1	5.5241E-1	-6.9000E+2
-6.6738E-1	5.5362E-1	-1.1690E+3
-6.6715E-1	5.5313E-1	-2.4200E+2
-6.6691E-1	5.5241E-1	-4.7000E+2
-6.6680E-1	5.5411E-1	-1.0850E+3
-6.6656E-1	5.5532E-1	-7.9000E+2
-6.6644E-1	5.5581E-1	-1.0660E+3
-6.6621E-1	5.5726E-1	-6.0000E+2
-6.6597E-1	5.5654E-1	-1.0140E+3
-6.6586E-1	5.5751E-1	-7.7700E+2
-6.6562E-1	5.5848E-1	-4.9900E+2
-6.6538E-1	5.5775E-1	-5.4300E+2
-6.6527E-1	5.6018E-1	-5.6200E+2
-6.6503E-1	5.5994E-1	-1.4770E+3
-6.6480E-1	5.6018E-1	-9.5700E+2
-6.6468E-1	5.6164E-1	-1.0410E+3
-6.6444E-1	5.6237E-1	-6.3900E+2
-6.6433E-1	5.6212E-1	-9.0200E+2
-6.6409E-1	5.6358E-1	-5.0100E+2
-6.6386E-1	5.6480E-1	-4.6200E+2
-6.6374E-1	5.6382E-1	-8.9300E+2
-6.6350E-1	5.6577E-1	-6.3300E+2
-6.6327E-1	5.6552E-1	-7.5100E+2
-6.6315E-1	5.6601E-1	-2.8400E+2
-6.6291E-1	5.6577E-1	-7.9900E+2
-6.6268E-1	5.6698E-1	-7.7500E+2
-6.6256E-1	5.6747E-1	-5.6200E+2
-6.6233E-1	5.6941E-1	-7.1300E+2
-6.6221E-1	5.7014E-1	-8.3300E+2
-6.6197E-1	5.6965E-1	-4.7900E+2
-6.6174E-1	5.6941E-1	-7.1300E+2
-6.6162E-1	5.7135E-1	-6.2100E+2
-6.6138E-1	5.7135E-1	-1.1800E+3
-6.6115E-1	5.7305E-1	-6.6900E+2
-6.6103E-1	5.7354E-1	-9.9500E+2
-6.6080E-1	5.7233E-1	-8.3900E+2
-6.6056E-1	5.7451E-1	-5.0500E+2
-6.6044E-1	5.7524E-1	-8.7800E+2
-6.6021E-1	5.7500E-1	-7.7800E+2
-6.6009E-1	5.7718E-1	-5.0400E+2
-6.5985E-1	5.7646E-1	-4.6700E+2
-6.5962E-1	5.7694E-1	-5.1600E+2
-6.5950E-1	5.7718E-1	-9.4500E+2
-6.5927E-1	5.7864E-1	-9.2500E+2
-6.5903E-1	5.7864E-1	-7.3000E+2
-6.5891E-1	5.7937E-1	-3.7400E+2
-6.5868E-1	5.7961E-1	-1.0180E+3
-6.5856E-1	5.7937E-1	-6.7300E+2
-6.5833E-1	5.8131E-1	-6.7600E+2
-6.5809E-1	5.8180E-1	-1.0360E+3
-6.5797E-1	5.8131E-1	-7.5700E+2
-6.5774E-1	5.8350E-1	-6.4800E+2
-6.5750E-1	5.8302E-1	-5.5700E+2
-6.5738E-1	5.8302E-1	-8.1300E+2
-6.5715E-1	5.8447E-1	-7.2400E+2
-6.5691E-1	5.8642E-1	-1.4960E+3
-6.5680E-1	5.8666E-1	-5.4900E+2
-6.5656E-1	5.8714E-1	-1.0900E+2
-6.5644E-1	5.8642E-1	-5.6900E+2
-6.5621E-1	5.8787E-1	-7.9400E+2
-6.5597E-1	5.8812E-1	-4.4800E+2
-6.5585E-1	5.8812E-1	-7.1100E+2
-6.5562E-1	5.9030E-1	-2.7400E+2
-6.5538E-1	5.9103E-1	-6.2200E+2
-6.5527E-1	5.9055E-1	-7.6200E+2
-6.5503E-1	5.9079E-1	-9.3000E+2
-6.5480E-1	5.9200E-1	-8.5300E+2
-6.5468E-1	5.9322E-1	-1.4950E+3
-6.5444E-1	5.9468E-1	-8.0900E+2
-6.5433E-1	5.9613E-1	-6.7400E+2
-6.5409E-1	5.9468E-1	-1.0890E+3
-6.5385E-1	5.9443E-1	-5.6500E+2
-6.5374E-1	5.9540E-1	-3.5700E+2
-6.5350E-1	5.9711E-1	-5.2900E+2
-6.5327E-1	5.9832E-1	-8.0800E+2
-6.5315E-1	5.9978E-1	-8.4900E+2
-6.5291E-1	5.9832E-1	-2.2300E+2
-6.5268E-1	6.0026E-1	-3.3500E+2
-6.5256E-1	6.0051E-1	-4.9200E+2
-6.5232E-1	6.0051E-1	-7.9000E+2
-6.5221E-1	6.0148E-1	-8.4500E+2
-6.5197E-1	6.0221E-1	-3.6700E+2
-6.5174E-1	6.0196E-1	-7.5500E+2
-6.5162E-1	6.0464E-1	-8.5700E+2
-6.5138E-1	6.0391E-1	-7.1500E+2
-6.5115E-1	6.0366E-1	-1.2040E+3
-6.5103E-1	6.0561E-1	-2.4000E+1
-6.5080E-1	6.0561E-1	-1.0230E+3
-6.5056E-1	6.0609E-1	-5.9500E+2
-6.5044E-1	6.0731E-1	-1.8700E+2
-6.5021E-1	6.0901E-1	-9.0100E+2
-6.4997E-1	6.0804E-1	-1.1870E+3
-6.4985E-1	6.0804E-1	-3.9700E+2
-6.4962E-1	6.0949E-1	-1.2980E+3
-6.4950E-1	6.0998E-1	-4.2000E+2
-6.4927E-1	6.1144E-1	-9.1800E+2
-6.4903E-1	6.1241E-1	-5.4000E+2
-6.4891E-1	6.1290E-1	-4.4700E+2
-6.4868E-1	6.1265E-1	-6.0600E+2
-6.4844E-1	6.1338E-1	-4.8400E+2
-6.4832E-1	6.1387E-1	-8.0100E+2
-6.4809E-1	6.1411E-1	-1.1300E+3
-6.4785E-1	6.1460E-1	-4.3100E+2
-6.4774E-1	6.1703E-1	-1.0650E+3
-6.4750E-1	6.1703E-1	-1.2400E+3
-6.4738E-1	6.1630E-1	-1.3040E+3
-6.4715E-1	6.1775E-1	-1.0870E+3
-6.4691E-1	6.1921E-1	-8.7600E+2
-6.4680E-1	6.1775E-1	-1.2040E+3
-6.4656E-1	6.1848E-1	-8.8400E+2
-6.4632E-1	6.2018E-1	-1.4770E+3
-6.4621E-1	6.2140E-1	-6.8200E+2
-6.4597E-1	6.2213E-1	-9.6100E+2
-6.4574E-1	6.2116E-1	-4.0500E+2
-6.4562E-1	6.2261E-1	-1.0910E+3
-6.4538E-1	6.2504E-1	-6.1800E+2
-6.4527E-1	6.2358E-1	-2.5600E+2
-6.4503E-1	6.2626E-1	-5.5400E+2
-6.4480E-1	6.2626E-1	-9.9000E+2
-6.4468E-1	6.2869E-1	-7.6000E+2
-6.4444E-1	6.2626E-1	-1.0160E+3
-6.4421E-1	6.2674E-1	-7.2800E+2
-6.4409E-1	6.2917E-1	-1.1250E+3
-6.4385E-1	6.2844E-1	-3.7600E+2
-6.4362E-1	6.2796E-1	-5.2300E+2
-6.4350E-1	6.3014E-1	-9.6200E+2
-6.4327E-1	6.3014E-1	-3.4900E+2
-6.4303E-1	6.2990E-1	-8.3400E+2
-6.4291E-1	6.3039E-1	-3.8800E+2
-6.4268E-1	6.3233E-1	-4.5900E+2
-6.4256E-1	6.3209E-1	-1.0350E+3
-6.4232E-1	6.3136E-1	-7.3200E+2
-6.4209E-1	6.3160E-1	-7.0300E+2
-6.4197E-1	6.3549E-1	-7.3400E+2
-6.4174E-1	6.3452E-1	-5.9300E+2
-6.4150E-1	6.3573E-1	-5.8400E+2
-6.4138E-1	6.3768E-1	-1.2330E+3
-6.4115E-1	6.3695E-1	-6.7800E+2
-6.4091E-1	6.3865E-1	-9.8300E+2
-6.4079E-1	6.3865E-1	-5.9800E+2
-6.4056E-1	6.3865E-1	-1.4220E+3
-6.4044E-1	6.3938E-1	-7.9300E+2
-6.4021E-1	6.3986E-1	-7.0500E+2
-6.3997E-1	6.4083E-1	-1.0400E+3
-6.3985E-1	6.4205E-1	-7.4000E+2
-6.3962E-1	6.4302E-1	-1.1090E+3
-6.3938E-1	6.4156E-1	-6.4500E+2
-6.3927E-1	6.4423E-1	-1.0430E+3
-6.3903E-1	6.4351E-1	-1.2010E+3
-6.3879E-1	6.4496E-1	-1.0240E+3
-6.3868E-1	6.4448E-1	-6.6000E+2
-6.3844E-1	6.4521E-1	-6.3400E+2
-6.3832E-1	6.4593E-1	-6.4200E+2
-6.3809E-1	6.4764E-1	-9.0700E+2
-6.3785E-1	6.4764E-1	3.0000E+0
-6.3774E-1	6.4885E-1	-8.3000E+2
-6.3750E-1	6.4958E-1	-7.7700E+2
-6.3727E-1	6.4934E-1	-5.0400E+2
-6.3715E-1	6.4982E-1	-7.2600E+2
-6.3691E-1	6.5128E-1	-7.3500E+2
-6.3668E-1	6.4934E-1	-1.2150E+3
-6.3656E-1	6.5055E-1	-1.0870E+3
-6.3632E-1	6.5128E-1	-1.1560E+3
-6.3621E-1	6.5274E-1	-5.3200E+2
-6.3597E-1	6.5468E-1	-9.8800E+2
-6.3574E-1	6.5444E-1	-6.6900E+2
-6.3562E-1	6.5492E-1	-6.3000E+2
-6.3538E-1	6.5614E-1	-8.1200E+2
-6.3515E-1	6.5590E-1	-1.1570E+3
-6.3503E-1	6.5614E-1	-7.5900E+2
-6.3479E-1	6.5760E-1	-6.6400E+2
-6.3456E-1	6.5760E-1	-1.1960E+3
-6.3444E-1	6.5735E-1	-6.1400E+2
-6.3421E-1	6.5881E-1	-4.8800E+2
-6.3397E-1	6.6027E-1	5.9000E+1
-6.3385E-1	6.6148E-1	-8.5800E+2
-6.3362E-1	6.5905E-1	-2.1700E+2
-6.3350E-1	6.6245E-1	-1.1310E+3
-6.3326E-1	6.6221E-1	-1.0360E+3
-6.3303E-1	6.6002E-1	-1.3160E+3
-6.3291E-1	6.6270E-1	-5.6100E+2
-6.3268E-1	6.6367E-1	-6.5000E+1
-6.3256E-1	6.6488E-1	-5.4900E+2
-6.3232E-1	6.6513E-1	-8.0900E+2
-6.3209E-1	6.6561E-1	-8.4300E+2
-6.3197E-1	6.6561E-1	-7.0800E+2
-6.3174E-1	6.6586E-1	-1.1020E+3
-6.3150E-1	6.6731E-1	-1.0380E+3
-6.3138E-1	6.6658E-1	-6.4500E+2
-6.3115E-1	6.6780E-1	-1.3920E+3
-6.3091E-1	6.6707E-1	-9.5100E+2
-6.3079E-1	6.6950E-1	-5.9900E+2
-6.3056E-1	6.7023E-1	-7.9200E+2
-6.3044E-1	6.7071E-1	-2.1000E+1
-6.3021E-1	6.7023E-1	-7.7700E+2
-6.2997E-1	6.7193E-1	-9.3700E+2
-6.2985E-1	6.6974E-1	-8.6900E+2
-6.2962E-1	6.7217E-1	-3.5200E+2
-6.2938E-1	6.7169E-1	-1.1390E+3
-6.2926E-1	6.7314E-1	-8.6700E+2
-6.2903E-1	6.7363E-1	-3.3400E+2
-6.2879E-1	6.7363E-1	-1.0420E+3
-6.2868E-1	6.7484E-1	-3.9500E+2
-6.2844E-1	6.7460E-1	-6.4800E+2
-6.2832E-1	6.7582E-1	-5.0700E+2
-6.2809E-1	6.7630E-1	-5.6400E+2
-6.2785E-1	6.7849E-1	-9.4800E+2
-6.2773E-1	6.7679E-1	-3.8100E+2
-6.2750E-1	6.7654E-1	-1.0190E+3
-6.2726E-1	6.7849E-1	-3.8400E+2
-6.2715E-1	6.7897E-1	-6.1900E+2
-6.2691E-1	6.7849E-1	-5.9100E+2
-6.2668E-1	6.7897E-1	-7.6500E+2
-6.2656E-1	6.7897E-1	-1.2320E+3
-6.2632E-1	6.7873E-1	-3.1200E+2
-6.2621E-1	6.8067E-1	-1.6000E+2
-6.2597E-1	6.7970E-1	-1.0810E+3
-6.2573E-1	6.8213E-1	-7.1900E+2
-6.2562E-1	6.8092E-1	-1.0390E+3
-6.2538E-1	6.8237E-1	-5.2400E+2
-6.2515E-1	6.8286E-1	-8.4200E+2
-6.2503E-1	6.8359E-1	-1.0570E+3
-6.2479E-1	6.8480E-1	-1.0460E+3
-6.2456E-1	6.8432E-1	-4.7000E+2
-6.2444E-1	6.8505E-1	-8.5000E+2
-6.2421E-1	6.8480E-1	-4.2300E+2
-6.2397E-1	6.8529E-1	-2.0700E+2
-6.2385E-1	6.8723E-1	-1.1000E+3
-6.2362E-1	6.8748E-1	-7.6300E+2
-6.2350E-1	6.8796E-1	-2.9900E+2
-6.2326E-1	6.8748E-1	-4.8700E+2
-6.2303E-1	6.8821E-1	-7.3000E+1
-6.2291E-1	6.8869E-1	-6.9600E+2
-6.2268E-1	6.8918E-1	-4.8000E+1
-6.2244E-1	6.9063E-1	-9.6000E+1
-6.2232E-1	6.9015E-1	-4.3200E+2
-6.2209E-1	6.9185E-1	-3.3900E+2
-6.2185E-1	6.8942E-1	-8.5800E+2
-6.2173E-1	6.9185E-1	-6.2700E+2
-6.2150E-1	6.9209E-1	-6.0400E+2
-6.2138E-1	6.9039E-1	-9.6700E+2
-6.2115E-1	6.9088E-1	-8.8200E+2
-6.2091E-1	6.9112E-1	-6.2700E+2
-6.2079E-1	6.9233E-1	-1.3330E+3
-6.2056E-1	6.9331E-1	-4.7600E+2
-6.2032E-1	6.9355E-1	-7.8600E+2
-6.2020E-1	6.9476E-1	-8.6200E+2
-6.1997E-1	6.9428E-1	-1.1290E+3
-6.1973E-1	6.9452E-1	-3.8300E+2
-6.1962E-1	6.9428E-1	-6.2200E+2
-6.1938E-1	6.9646E-1	-2.6800E+2
-6.1926E-1	6.9452E-1	-7.0500E+2
-6.1903E-1	6.9695E-1	-7.0400E+2
-6.1879E-1	6.9574E-1	-1.2060E+3
-6.1868E-1	6.9622E-1	-3.5200E+2
-6.1844E-1	6.9646E-1	-5.7900E+2
-6.1820E-1	6.9744E-1	-8.0500E+2
-6.1809E-1	6.9889E-1	-4.1600E+2
-6.1785E-1	6.9719E-1	-7.7800E+2
-6.1762E-1	6.9914E-1	-8.3800E+2
-6.1750E-1	6.9962E-1	-1.3400E+2
-6.1726E-1	7.0011E-1	-1.5100E+2
-6.1715E-1	7.0108E-1	-2.0000E+1
-6.1691E-1	7.0108E-1	-4.3200E+2
-6.1668E-1	7.0011E-1	-4.2700E+2
-6.1656E-1	7.0059E-1	-6.5400E+2
-6.1632E-1	7.0278E-1	-3.8600E+2
-6.1609E-1	6.9987E-1	-5.8100E+2
-6.1597E-1	7.0230E-1	-6.7600E+2
-6.1573E-1	7.0205E-1	-8.5400E+2
