Aux out [V]	Aux in [V]	PDH out [a.u.]
-7.9857E-1	6.9695E-1	-4.2400E+2
-7.9845E-1	6.9671E-1	2.7800E+2
-7.9834E-1	6.9744E-1	4.4800E+2
-7.9810E-1	6.9719E-1	-3.4400E+2
-7.9798E-1	6.9719E-1	-1.3000E+1
-7.9787E-1	6.9719E-1	-2.2100E+2
-7.9775E-1	6.9646E-1	3.4900E+2
-7.9763E-1	6.9574E-1	-6.4000E+1
-7.9751E-1	6.9646E-1	6.7000E+1
-7.9728E-1	6.9695E-1	-2.7000E+1
-7.9716E-1	6.9428E-1	-2.0000E+1
-7.9704E-1	6.9501E-1	1.6800E+2
-7.9692E-1	6.9501E-1	1.3100E+2
-7.9681E-1	6.9525E-1	2.2900E+2
-7.9669E-1	6.9501E-1	3.9000E+1
-7.9645E-1	6.9549E-1	1.2600E+2
-7.9634E-1	6.9428E-1	5.7000E+1
-7.9622E-1	6.9452E-1	2.0100E+2
-7.9610E-1	6.9306E-1	-1.4200E+2
-7.9598E-1	6.9258E-1	-4.1800E+2
-7.9575E-1	6.9331E-1	-2.0000E+0
-7.9563E-1	6.9331E-1	-5.7100E+2
-7.9551E-1	6.9452E-1	-1.7500E+2
-7.9539E-1	6.9282E-1	-1.6700E+2
-7.9528E-1	6.9209E-1	2.4400E+2
-7.9516E-1	6.9355E-1	1.2300E+2
-7.9492E-1	6.9112E-1	-6.0600E+2
-7.9481E-1	6.9306E-1	1.4600E+2
-7.9469E-1	6.9282E-1	-2.3200E+2
-7.9457E-1	6.9088E-1	-3.5400E+2
-7.9445E-1	6.9136E-1	-7.8000E+1
-7.9434E-1	6.9185E-1	2.1300E+2
-7.9422E-1	6.9185E-1	-4.7800E+2
-7.9398E-1	6.9136E-1	-3.3200E+2
-7.9386E-1	6.9112E-1	-5.9600E+2
-7.9375E-1	6.8893E-1	1.8000E+2
-7.9363E-1	6.9136E-1	-1.5900E+2
-7.9351E-1	6.8942E-1	-1.3100E+2
-7.9339E-1	6.9112E-1	1.8400E+2
-7.9316E-1	6.8821E-1	-2.8300E+2
-7.9304E-1	6.8845E-1	2.2600E+2
-7.9292E-1	6.8821E-1	-3.9300E+2
-7.9281E-1	6.8893E-1	-5.0400E+2
-7.9269E-1	6.8893E-1	-5.3800E+2
-7.9257E-1	6.8650E-1	1.7900E+2
-7.9234E-1	6.8845E-1	-1.9400E+2
-7.9222E-1	6.8748E-1	2.2000E+1
-7.9210E-1	6.8772E-1	-9.1000E+1
-7.9198E-1	6.8699E-1	-1.9000E+1
-7.9186E-1	6.8602E-1	1.3100E+2
-7.9175E-1	6.8675E-1	1.1700E+2
-7.9151E-1	6.8796E-1	4.5100E+2
-7.9139E-1	6.8602E-1	-2.7800E+2
-7.9128E-1	6.8675E-1	-7.3000E+1
-7.9116E-1	6.8626E-1	-1.7000E+2
-7.9104E-1	6.8675E-1	-2.5300E+2
-7.9092E-1	6.8699E-1	-7.7700E+2
-7.9069E-1	6.8480E-1	-4.0100E+2
-7.9057E-1	6.8432E-1	1.2900E+2
-7.9045E-1	6.8310E-1	-3.3000E+1
-7.9034E-1	6.8602E-1	-3.4200E+2
-7.9022E-1	6.8456E-1	-2.5000E+2
-7.8998E-1	6.8626E-1	-6.2200E+2
-7.8986E-1	6.8359E-1	1.5700E+2
-7.8975E-1	6.8383E-1	-3.0700E+2
-7.8963E-1	6.8456E-1	-4.9700E+2
-7.8951E-1	6.8480E-1	-6.3600E+2
-7.8939E-1	6.8237E-1	-7.2000E+1
-7.8916E-1	6.8189E-1	1.5200E+2
-7.8904E-1	6.8456E-1	4.0900E+2
-7.8892E-1	6.8335E-1	1.4700E+2
-7.8881E-1	6.8165E-1	5.2400E+2
-7.8869E-1	6.8140E-1	-1.4000E+2
-7.8857E-1	6.8140E-1	2.6300E+2
-7.8845E-1	6.8213E-1	5.4000E+2
-7.8822E-1	6.8140E-1	9.1000E+1
-7.8810E-1	6.8067E-1	2.7600E+2
-7.8798E-1	6.7946E-1	1.5900E+2
-7.8786E-1	6.8165E-1	-8.3100E+2
-7.8775E-1	6.8140E-1	-3.8100E+2
-7.8763E-1	6.8043E-1	-4.5900E+2
-7.8739E-1	6.8043E-1	1.2800E+2
-7.8728E-1	6.8043E-1	2.8800E+2
-7.8716E-1	6.7922E-1	-4.8300E+2
-7.8704E-1	6.7995E-1	-1.3800E+2
-7.8692E-1	6.7922E-1	-4.0000E+2
-7.8681E-1	6.7776E-1	-3.1000E+1
-7.8657E-1	6.7727E-1	-2.0700E+2
-7.8645E-1	6.7849E-1	5.4900E+2
-7.8634E-1	6.7873E-1	-6.9000E+1
-7.8622E-1	6.7897E-1	1.4900E+2
-7.8610E-1	6.7800E-1	-1.2500E+2
-7.8598E-1	6.7533E-1	-3.5400E+2
-7.8575E-1	6.7849E-1	-6.1000E+1
-7.8563E-1	6.7776E-1	1.4000E+2
-7.8551E-1	6.7654E-1	2.1900E+2
-7.8539E-1	6.7800E-1	9.3000E+1
-7.8528E-1	6.7509E-1	7.2500E+2
-7.8504E-1	6.7582E-1	-2.0000E+2
-7.8492E-1	6.7509E-1	3.2600E+2
-7.8481E-1	6.7460E-1	2.8000E+2
-7.8469E-1	6.7411E-1	-1.9300E+2
-7.8457E-1	6.7460E-1	-3.1600E+2
-7.8445E-1	6.7314E-1	-2.9700E+2
-7.8422E-1	6.7484E-1	3.5500E+2
-7.8410E-1	6.7387E-1	-1.0040E+3
-7.8398E-1	6.7411E-1	-2.0400E+2
-7.8386E-1	6.7387E-1	1.7700E+2
-7.8375E-1	6.7314E-1	2.1400E+2
-7.8363E-1	6.7436E-1	-1.3000E+1
-7.8339E-1	6.7193E-1	1.2400E+2
-7.8328E-1	6.7193E-1	1.6000E+2
-7.8316E-1	6.7387E-1	-2.0000E+2
-7.8304E-1	6.7071E-1	3.9000E+1
-7.8292E-1	6.7120E-1	6.1400E+2
-7.8281E-1	6.7071E-1	-9.0000E+1
-7.8269E-1	6.7169E-1	9.0000E+1
-7.8245E-1	6.7047E-1	-1.4000E+1
-7.8233E-1	6.7096E-1	1.4400E+2
-7.8222E-1	6.7047E-1	3.3200E+2
-7.8210E-1	6.7047E-1	-3.7900E+2
-7.8198E-1	6.6901E-1	-2.3400E+2
-7.8186E-1	6.7023E-1	-3.1700E+2
-7.8163E-1	6.7120E-1	3.0000E+2
-7.8151E-1	6.6877E-1	6.4700E+2
-7.8139E-1	6.6901E-1	4.6900E+2
-7.8128E-1	6.6731E-1	-1.7200E+2
-7.8116E-1	6.6804E-1	2.3700E+2
-7.8104E-1	6.6780E-1	-4.0000E+0
-7.8081E-1	6.6707E-1	-4.6300E+2
-7.8069E-1	6.6828E-1	8.0900E+2
-7.8057E-1	6.6683E-1	-4.9300E+2
-7.8045E-1	6.6780E-1	-1.8400E+2
-7.8033E-1	6.6610E-1	5.8000E+2
-7.8022E-1	6.6561E-1	1.5000E+1
-7.7998E-1	6.6634E-1	3.9100E+2
-7.7986E-1	6.6513E-1	1.7400E+2
-7.7975E-1	6.6561E-1	-3.3500E+2
-7.7963E-1	6.6537E-1	-1.3300E+2
-7.7951E-1	6.6488E-1	3.0900E+2
-7.7928E-1	6.6683E-1	6.9000E+1
-7.7916E-1	6.6537E-1	4.7000E+1
-7.7904E-1	6.6343E-1	-3.5000E+1
-7.7892E-1	6.6440E-1	1.4300E+2
-7.7881E-1	6.6270E-1	2.0700E+2
-7.7869E-1	6.6343E-1	2.5000E+2
-7.7845E-1	6.6221E-1	1.4500E+2
-7.7833E-1	6.6464E-1	-3.5600E+2
-7.7822E-1	6.6294E-1	2.5700E+2
-7.7810E-1	6.6221E-1	-4.1000E+1
-7.7798E-1	6.6488E-1	-1.7500E+2
-7.7786E-1	6.6343E-1	-2.3300E+2
-7.7763E-1	6.6100E-1	1.9200E+2
-7.7751E-1	6.6100E-1	-2.9800E+2
-7.7739E-1	6.6173E-1	-2.6400E+2
-7.7728E-1	6.6027E-1	-1.2900E+2
-7.7716E-1	6.6100E-1	1.8300E+2
-7.7704E-1	6.6100E-1	6.3500E+2
-7.7692E-1	6.6100E-1	4.0800E+2
-7.7669E-1	6.5905E-1	3.1000E+2
-7.7657E-1	6.6027E-1	-1.3000E+2
-7.7645E-1	6.5930E-1	-6.2000E+1
-7.7633E-1	6.6051E-1	-1.0200E+2
-7.7622E-1	6.5954E-1	2.7900E+2
-7.7610E-1	6.5954E-1	5.3000E+2
-7.7586E-1	6.5808E-1	4.5500E+2
-7.7575E-1	6.5784E-1	-1.4000E+2
-7.7563E-1	6.6002E-1	-3.1900E+2
-7.7551E-1	6.5832E-1	7.6000E+1
-7.7539E-1	6.5784E-1	-2.3000E+1
-7.7528E-1	6.5832E-1	7.7000E+1
-7.7504E-1	6.5614E-1	3.4800E+2
-7.7492E-1	6.5687E-1	3.6900E+2
-7.7480E-1	6.5565E-1	-1.4900E+2
-7.7469E-1	6.5711E-1	-2.4200E+2
-7.7457E-1	6.5662E-1	1.5300E+2
-7.7433E-1	6.5711E-1	-1.5300E+2
-7.7422E-1	6.5662E-1	-1.5600E+2
-7.7410E-1	6.5590E-1	-6.2000E+1
-7.7398E-1	6.5638E-1	-6.8000E+1
-7.7386E-1	6.5565E-1	-3.3400E+2
-7.7375E-1	6.5419E-1	7.8200E+2
-7.7351E-1	6.5517E-1	2.7300E+2
-7.7339E-1	6.5419E-1	2.3800E+2
-7.7328E-1	6.5468E-1	3.9400E+2
-7.7316E-1	6.5225E-1	5.0300E+2
-7.7304E-1	6.5201E-1	1.2000E+1
-7.7292E-1	6.5298E-1	3.7400E+2
-7.7269E-1	6.5201E-1	-2.3000E+1
-7.7257E-1	6.5079E-1	2.1000E+2
-7.7245E-1	6.5177E-1	1.8300E+2
-7.7233E-1	6.5177E-1	6.6700E+2
-7.7222E-1	6.5225E-1	-2.4800E+2
-7.7210E-1	6.5225E-1	4.0800E+2
-7.7186E-1	6.5031E-1	1.9000E+1
-7.7175E-1	6.5055E-1	-4.7700E+2
-7.7163E-1	6.5055E-1	2.2800E+2
-7.7151E-1	6.4982E-1	-4.2100E+2
-7.7139E-1	6.4861E-1	-1.5100E+2
-7.7128E-1	6.4885E-1	-1.3400E+2
-7.7104E-1	6.4788E-1	-2.8900E+2
-7.7092E-1	6.4739E-1	9.2000E+1
-7.7080E-1	6.4739E-1	4.6100E+2
-7.7069E-1	6.4618E-1	2.6200E+2
-7.7057E-1	6.4715E-1	-2.5100E+2
-7.7045E-1	6.4691E-1	2.7900E+2
-7.7033E-1	6.4618E-1	-1.8900E+2
-7.7010E-1	6.4545E-1	2.2500E+2
-7.6998E-1	6.4666E-1	-6.1000E+1
-7.6986E-1	6.4521E-1	-2.8300E+2
-7.6975E-1	6.4351E-1	-2.5100E+2
-7.6963E-1	6.4521E-1	2.8500E+2
-7.6951E-1	6.4326E-1	6.8000E+1
-7.6927E-1	6.4448E-1	-3.9600E+2
-7.6916E-1	6.4423E-1	-1.0000E+2
-7.6904E-1	6.4326E-1	3.7100E+2
-7.6892E-1	6.4302E-1	-2.4000E+1
-7.6880E-1	6.4302E-1	-8.3000E+1
-7.6857E-1	6.4253E-1	-1.0500E+2
-7.6845E-1	6.4326E-1	1.0000E+0
-7.6833E-1	6.4083E-1	9.4000E+1
-7.6822E-1	6.4083E-1	1.7300E+2
-7.6810E-1	6.3938E-1	-6.8000E+1
-7.6798E-1	6.3913E-1	-1.4200E+2
-7.6775E-1	6.4010E-1	-4.8800E+2
-7.6763E-1	6.3865E-1	-8.7000E+1
-7.6751E-1	6.3913E-1	7.0300E+2
-7.6739E-1	6.4059E-1	-3.4600E+2
-7.6727E-1	6.3962E-1	7.9000E+1
-7.6716E-1	6.3865E-1	-3.8500E+2
-7.6692E-1	6.3719E-1	-1.3300E+2
-7.6680E-1	6.3719E-1	3.6000E+1
-7.6669E-1	6.3889E-1	1.1400E+2
-7.6657E-1	6.3840E-1	-5.2000E+1
-7.6645E-1	6.3743E-1	2.4900E+2
-7.6633E-1	6.3792E-1	-2.1600E+2
-7.6610E-1	6.3743E-1	1.5100E+2
-7.6598E-1	6.3646E-1	-4.3900E+2
-7.6586E-1	6.3622E-1	-5.1000E+2
-7.6575E-1	6.3500E-1	-3.1500E+2
-7.6563E-1	6.3525E-1	1.1700E+2
-7.6551E-1	6.3427E-1	2.7200E+2
-7.6527E-1	6.3622E-1	-4.1000E+1
-7.6516E-1	6.3525E-1	-2.0400E+2
-7.6504E-1	6.3525E-1	3.0000E+1
-7.6492E-1	6.3355E-1	-2.4500E+2
-7.6480E-1	6.3476E-1	-1.0400E+2
-7.6469E-1	6.3427E-1	-9.4000E+1
-7.6457E-1	6.3257E-1	-2.0100E+2
-7.6433E-1	6.3209E-1	2.7100E+2
-7.6422E-1	6.3355E-1	3.2000E+2
-7.6410E-1	6.3233E-1	1.1600E+2
-7.6398E-1	6.3160E-1	4.5000E+1
-7.6386E-1	6.3160E-1	-5.0200E+2
-7.6363E-1	6.3257E-1	-1.9800E+2
-7.6351E-1	6.3160E-1	7.7000E+1
-7.6339E-1	6.3160E-1	3.8000E+1
-7.6327E-1	6.3209E-1	-1.9700E+2
-7.6316E-1	6.3039E-1	-1.8400E+2
-7.6304E-1	6.3039E-1	5.3000E+2
-7.6280E-1	6.2990E-1	-4.7000E+2
-7.6269E-1	6.2966E-1	-3.6200E+2
-7.6257E-1	6.2990E-1	2.6900E+2
-7.6245E-1	6.2990E-1	3.4600E+2
-7.6233E-1	6.2771E-1	4.1400E+2
-7.6222E-1	6.2796E-1	-1.5400E+2
-7.6198E-1	6.2966E-1	2.1100E+2
-7.6186E-1	6.2796E-1	0.0000E+0
-7.6174E-1	6.2699E-1	2.1500E+2
-7.6163E-1	6.2747E-1	-5.2000E+1
-7.6151E-1	6.2650E-1	-2.3700E+2
-7.6139E-1	6.2577E-1	2.0200E+2
-7.6116E-1	6.2699E-1	8.2000E+1
-7.6104E-1	6.2577E-1	-9.6000E+1
-7.6092E-1	6.2456E-1	-4.6600E+2
-7.6080E-1	6.2601E-1	-1.3800E+2
-7.6069E-1	6.2431E-1	2.3200E+2
-7.6057E-1	6.2407E-1	-1.5200E+2
-7.6033E-1	6.2553E-1	-2.4800E+2
-7.6022E-1	6.2334E-1	1.3500E+2
-7.6010E-1	6.2431E-1	3.1300E+2
-7.5998E-1	6.2456E-1	-7.6000E+1
-7.5986E-1	6.2213E-1	2.8800E+2
-7.5974E-1	6.2188E-1	-6.0400E+2
-7.5963E-1	6.2164E-1	-2.8000E+2
-7.5939E-1	6.2261E-1	-1.6300E+2
-7.5927E-1	6.2310E-1	-5.0800E+2
-7.5916E-1	6.2213E-1	-4.2300E+2
-7.5904E-1	6.2310E-1	-1.8000E+1
-7.5892E-1	6.2261E-1	-4.3000E+1
-7.5880E-1	6.2334E-1	-2.9700E+2
-7.5857E-1	6.2310E-1	-2.5000E+1
-7.5845E-1	6.2334E-1	8.8000E+1
-7.5833E-1	6.2213E-1	-3.4500E+2
-7.5822E-1	6.2213E-1	1.6100E+2
-7.5810E-1	6.2213E-1	-1.4400E+2
-7.5786E-1	6.2043E-1	-3.5800E+2
-7.5774E-1	6.2237E-1	-7.9700E+2
-7.5763E-1	6.2286E-1	-2.3800E+2
-7.5751E-1	6.2286E-1	-9.8000E+2
-7.5739E-1	6.2480E-1	-5.0200E+2
-7.5727E-1	6.2286E-1	-4.9000E+2
-7.5704E-1	6.2067E-1	-2.0000E+2
-7.5692E-1	6.2286E-1	-4.5900E+2
-7.5680E-1	6.2286E-1	3.3600E+2
-7.5669E-1	6.2140E-1	4.1600E+2
-7.5657E-1	6.2164E-1	1.1530E+3
-7.5645E-1	6.2043E-1	3.5300E+2
-7.5622E-1	6.1848E-1	5.4700E+2
-7.5610E-1	6.1946E-1	3.0000E+2
-7.5598E-1	6.1751E-1	9.9900E+2
-7.5586E-1	6.1800E-1	5.6100E+2
-7.5574E-1	6.1751E-1	1.2230E+3
-7.5563E-1	6.1630E-1	6.3000E+2
-7.5539E-1	6.1605E-1	5.3200E+2
-7.5527E-1	6.1533E-1	5.3900E+2
-7.5516E-1	6.1265E-1	6.1300E+2
-7.5504E-1	6.1411E-1	2.8900E+2
-7.5492E-1	6.1241E-1	4.5400E+2
-7.5480E-1	6.1071E-1	-1.1500E+2
-7.5457E-1	6.1265E-1	4.1400E+2
-7.5445E-1	6.0998E-1	-4.1500E+2
-7.5433E-1	6.1022E-1	4.2100E+2
-7.5421E-1	6.1022E-1	3.0300E+2
-7.5410E-1	6.0804E-1	7.8300E+2
-7.5398E-1	6.0707E-1	-4.1800E+2
-7.5386E-1	6.0828E-1	2.7900E+2
-7.5363E-1	6.0707E-1	1.1400E+2
-7.5351E-1	6.0634E-1	3.5100E+2
-7.5339E-1	6.0682E-1	-6.3600E+2
-7.5327E-1	6.0731E-1	4.0000E+1
-7.5316E-1	6.0561E-1	5.2300E+2
-7.5292E-1	6.0512E-1	5.2400E+2
-7.5280E-1	6.0439E-1	-1.4500E+2
-7.5269E-1	6.0512E-1	2.7100E+2
-7.5257E-1	6.0318E-1	1.0100E+2
-7.5245E-1	6.0269E-1	2.8000E+1
-7.5233E-1	6.0221E-1	5.4000E+1
-7.5210E-1	6.0415E-1	2.6900E+2
-7.5198E-1	6.0172E-1	1.9300E+2
-7.5186E-1	6.0099E-1	-6.1100E+2
-7.5174E-1	6.0002E-1	-2.6500E+2
-7.5163E-1	6.0269E-1	1.6400E+2
-7.5151E-1	6.0124E-1	1.8300E+2
-7.5127E-1	6.0026E-1	-5.6900E+2
-7.5116E-1	6.0075E-1	3.8900E+2
-7.5104E-1	6.0051E-1	2.5800E+2
-7.5092E-1	5.9978E-1	-1.3700E+2
-7.5080E-1	5.9905E-1	1.0500E+2
-7.5069E-1	5.9783E-1	5.8900E+2
-7.5045E-1	5.9832E-1	-7.2000E+1
-7.5033E-1	5.9856E-1	4.4600E+2
-7.5021E-1	5.9662E-1	-2.5300E+2
-7.5010E-1	5.9759E-1	3.7700E+2
-7.4998E-1	5.9686E-1	4.6000E+2
-7.4986E-1	5.9759E-1	3.2700E+2
-7.4963E-1	5.9468E-1	2.7900E+2
-7.4951E-1	5.9516E-1	4.6700E+2
-7.4939E-1	5.9419E-1	6.9700E+2
-7.4927E-1	5.9662E-1	-1.2600E+2
-7.4916E-1	5.9516E-1	1.5400E+2
-7.4904E-1	5.9589E-1	3.0400E+2
-7.4880E-1	5.9468E-1	-2.5400E+2
-7.4869E-1	5.9298E-1	1.0660E+3
-7.4857E-1	5.9395E-1	-4.0800E+2
-7.4845E-1	5.9200E-1	-4.9500E+2
-7.4833E-1	5.9346E-1	3.3400E+2
-7.4821E-1	5.9273E-1	2.0900E+2
-7.4798E-1	5.9370E-1	1.1100E+2
-7.4786E-1	5.9249E-1	1.8000E+1
-7.4774E-1	5.9127E-1	1.8200E+2
-7.4763E-1	5.9200E-1	-1.2000E+1
-7.4751E-1	5.9103E-1	2.4600E+2
-7.4739E-1	5.9079E-1	5.1000E+1
-7.4716E-1	5.9030E-1	-1.1000E+1
-7.4704E-1	5.9079E-1	2.2300E+2
-7.4692E-1	5.8860E-1	1.1300E+2
-7.4680E-1	5.8885E-1	-1.9100E+2
-7.4668E-1	5.8812E-1	-7.0900E+2
-7.4657E-1	5.8787E-1	-1.4100E+2
-7.4633E-1	5.8739E-1	6.1800E+2
-7.4621E-1	5.8690E-1	1.7600E+2
-7.4610E-1	5.8642E-1	-9.4000E+1
-7.4598E-1	5.8690E-1	6.2000E+1
-7.4586E-1	5.8714E-1	2.0000E+1
-7.4574E-1	5.8787E-1	-2.8900E+2
-7.4551E-1	5.8520E-1	4.7000E+1
-7.4539E-1	5.8593E-1	-6.3700E+2
-7.4527E-1	5.8569E-1	6.6600E+2
-7.4516E-1	5.8544E-1	-1.4000E+1
-7.4504E-1	5.8326E-1	5.0500E+2
-7.4492E-1	5.8423E-1	5.9000E+1
-7.4468E-1	5.8399E-1	3.1000E+1
-7.4457E-1	5.8447E-1	-1.4900E+2
-7.4445E-1	5.8350E-1	3.1700E+2
-7.4433E-1	5.8180E-1	7.6000E+1
-7.4421E-1	5.8423E-1	3.5000E+1
-7.4410E-1	5.8374E-1	-3.1000E+2
-7.4386E-1	5.8302E-1	5.9700E+2
-7.4374E-1	5.8204E-1	3.0000E+1
-7.4363E-1	5.8302E-1	4.2000E+2
-7.4351E-1	5.8277E-1	3.6000E+1
-7.4339E-1	5.8059E-1	-5.3500E+2
-7.4327E-1	5.8229E-1	6.3900E+2
-7.4304E-1	5.8229E-1	-4.3000E+1
-7.4292E-1	5.8059E-1	1.0000E+0
-7.4280E-1	5.7937E-1	2.7900E+2
-7.4268E-1	5.8131E-1	-7.8000E+1
-7.4257E-1	5.7986E-1	3.9100E+2
-7.4245E-1	5.8131E-1	-4.9300E+2
-7.4221E-1	5.7986E-1	-3.6900E+2
-7.4210E-1	5.7986E-1	-6.1900E+2
-7.4198E-1	5.8059E-1	-1.9900E+2
-7.4186E-1	5.7889E-1	1.3100E+2
-7.4174E-1	5.7913E-1	-3.8500E+2
-7.4163E-1	5.8010E-1	-2.0900E+2
-7.4139E-1	5.7937E-1	3.7200E+2
-7.4127E-1	5.7961E-1	4.1000E+1
-7.4116E-1	5.7937E-1	-3.9500E+2
-7.4104E-1	5.7986E-1	-2.8900E+2
-7.4092E-1	5.8083E-1	-5.1800E+2
-7.4080E-1	5.7913E-1	-9.0000E+2
-7.4057E-1	5.8034E-1	-1.0500E+2
-7.4045E-1	5.8034E-1	-9.0200E+2
-7.4033E-1	5.8131E-1	-2.9200E+2
-7.4021E-1	5.7840E-1	3.0000E+0
-7.4010E-1	5.8034E-1	-9.4000E+1
-7.3998E-1	5.7889E-1	-4.9000E+1
-7.3974E-1	5.8034E-1	-1.4100E+2
-7.3963E-1	5.7961E-1	-1.2300E+2
-7.3951E-1	5.7889E-1	2.1000E+2
-7.3939E-1	5.7791E-1	1.0270E+3
-7.3927E-1	5.7791E-1	6.0200E+2
-7.3916E-1	5.7840E-1	6.9400E+2
-7.3892E-1	5.7767E-1	5.2300E+2
-7.3880E-1	5.7621E-1	2.6300E+2
-7.3868E-1	5.7500E-1	1.1920E+3
-7.3857E-1	5.7573E-1	9.4000E+2
-7.3845E-1	5.7257E-1	5.0100E+2
-7.3833E-1	5.7233E-1	-6.0000E+0
-7.3810E-1	5.7257E-1	5.7000E+2
-7.3798E-1	5.7281E-1	8.5200E+2
-7.3786E-1	5.6965E-1	5.0200E+2
-7.3774E-1	5.7063E-1	7.5100E+2
-7.3763E-1	5.6965E-1	2.4000E+2
-7.3751E-1	5.6893E-1	8.0100E+2
-7.3727E-1	5.6698E-1	1.6700E+2
-7.3715E-1	5.6722E-1	3.8600E+2
-7.3704E-1	5.6674E-1	5.2100E+2
-7.3692E-1	5.6795E-1	2.7700E+2
-7.3680E-1	5.6650E-1	-1.1200E+2
-7.3668E-1	5.6504E-1	2.2700E+2
-7.3645E-1	5.6504E-1	2.6400E+2
-7.3633E-1	5.6577E-1	4.5300E+2
-7.3621E-1	5.6309E-1	5.2400E+2
-7.3610E-1	5.6407E-1	5.1000E+1
-7.3598E-1	5.6164E-1	-5.0000E+0
-7.3586E-1	5.6334E-1	-3.5500E+2
-7.3563E-1	5.6212E-1	5.4000E+1
-7.3551E-1	5.6042E-1	6.1200E+2
-7.3539E-1	5.6139E-1	-1.2700E+2
-7.3527E-1	5.5945E-1	6.4900E+2
-7.3515E-1	5.5969E-1	4.2600E+2
-7.3504E-1	5.5945E-1	1.8700E+2
-7.3480E-1	5.6139E-1	-1.8000E+1
-7.3468E-1	5.6091E-1	5.7000E+1
-7.3457E-1	5.5872E-1	1.7800E+2
-7.3445E-1	5.5969E-1	-4.0000E+0
-7.3433E-1	5.5799E-1	-1.8500E+2
-7.3421E-1	5.5921E-1	-3.7800E+2
-7.3398E-1	5.5702E-1	2.5500E+2
-7.3386E-1	5.5702E-1	-2.1000E+2
-7.3374E-1	5.5702E-1	-3.0400E+2
-7.3363E-1	5.5654E-1	-6.8700E+2
-7.3351E-1	5.5654E-1	-6.5400E+2
-7.3339E-1	5.5605E-1	2.5900E+2
-7.3315E-1	5.5508E-1	4.9400E+2
-7.3304E-1	5.5435E-1	-1.4100E+2
-7.3292E-1	5.5459E-1	-4.2100E+2
-7.3280E-1	5.5605E-1	9.0000E+0
-7.3268E-1	5.5678E-1	2.6900E+2
-7.3257E-1	5.5459E-1	-3.1500E+2
-7.3233E-1	5.5459E-1	1.3500E+2
-7.3221E-1	5.5289E-1	-1.5900E+2
-7.3210E-1	5.5435E-1	1.0000E+0
-7.3198E-1	5.5411E-1	3.2900E+2
-7.3186E-1	5.5168E-1	2.3100E+2
-7.3174E-1	5.5241E-1	-2.5800E+2
-7.3151E-1	5.5313E-1	7.9700E+2
-7.3139E-1	5.5313E-1	-1.0300E+2
-7.3127E-1	5.5216E-1	-1.0800E+2
-7.3115E-1	5.5192E-1	-2.6300E+2
-7.3104E-1	5.5241E-1	-3.1800E+2
-7.3080E-1	5.5241E-1	-3.2700E+2
-7.3068E-1	5.5119E-1	2.2600E+2
-7.3057E-1	5.5241E-1	-1.4800E+2
-7.3045E-1	5.5313E-1	1.6600E+2
-7.3033E-1	5.5216E-1	-1.1500E+2
-7.3021E-1	5.5265E-1	-7.3000E+1
-7.2998E-1	5.5143E-1	2.3100E+2
-7.2986E-1	5.5338E-1	-5.0900E+2
-7.2974E-1	5.5289E-1	1.4000E+1
-7.2962E-1	5.5241E-1	-6.4300E+2
-7.2951E-1	5.5289E-1	-9.2300E+2
-7.2939E-1	5.5411E-1	-2.3600E+2
-7.2927E-1	5.5629E-1	-3.7100E+2
-7.2904E-1	5.5532E-1	-7.0000E+2
-7.2892E-1	5.5532E-1	-9.1900E+2
-7.2880E-1	5.5751E-1	-3.3700E+2
-7.2868E-1	5.5799E-1	-1.0010E+3
-7.2857E-1	5.6164E-1	-1.5550E+3
-7.2845E-1	5.6261E-1	-9.5600E+2
-7.2821E-1	5.6237E-1	-7.1200E+2
-7.2810E-1	5.6480E-1	-8.1400E+2
-7.2798E-1	5.6552E-1	-1.9800E+2
-7.2786E-1	5.6698E-1	-6.9100E+2
-7.2774E-1	5.6625E-1	-7.5600E+2
-7.2762E-1	5.6504E-1	4.6000E+2
-7.2739E-1	5.6455E-1	2.2100E+2
-7.2727E-1	5.6309E-1	4.6600E+2
-7.2715E-1	5.6407E-1	7.0400E+2
-7.2704E-1	5.6309E-1	6.8900E+2
-7.2692E-1	5.5824E-1	1.2630E+3
-7.2680E-1	5.5751E-1	1.3260E+3
-7.2657E-1	5.5289E-1	9.6500E+2
-7.2645E-1	5.4949E-1	5.6200E+2
-7.2633E-1	5.4925E-1	1.1360E+3
-7.2621E-1	5.4730E-1	1.1160E+3
-7.2610E-1	5.4487E-1	7.4000E+2
-7.2598E-1	5.4439E-1	5.4700E+2
-7.2574E-1	5.4293E-1	4.2700E+2
-7.2562E-1	5.4172E-1	6.6000E+1
-7.2551E-1	5.4245E-1	3.4700E+2
-7.2539E-1	5.4050E-1	3.7500E+2
-7.2527E-1	5.4002E-1	2.2900E+2
-7.2504E-1	5.4074E-1	3.7000E+1
-7.2492E-1	5.3759E-1	3.8000E+2
-7.2480E-1	5.3613E-1	-3.9300E+2
-7.2468E-1	5.3661E-1	3.1300E+2
-7.2457E-1	5.3686E-1	1.5700E+2
-7.2445E-1	5.3540E-1	-1.4000E+1
-7.2421E-1	5.3540E-1	3.1600E+2
-7.2410E-1	5.3540E-1	-1.5000E+1
-7.2398E-1	5.3346E-1	5.2900E+2
-7.2386E-1	5.3346E-1	2.5000E+2
-7.2374E-1	5.3297E-1	-2.7500E+2
-7.2362E-1	5.3273E-1	2.5000E+1
-7.2351E-1	5.3200E-1	-1.8900E+2
-7.2327E-1	5.3176E-1	1.6500E+2
-7.2315E-1	5.3078E-1	2.9000E+1
-7.2304E-1	5.2981E-1	3.2500E+2
-7.2292E-1	5.3103E-1	-3.1500E+2
-7.2280E-1	5.3054E-1	-2.3000E+1
-7.2268E-1	5.2860E-1	3.0800E+2
-7.2245E-1	5.2981E-1	1.0500E+2
-7.2233E-1	5.3006E-1	-1.8300E+2
-7.2221E-1	5.2908E-1	3.4700E+2
-7.2209E-1	5.2884E-1	-1.1700E+2
-7.2198E-1	5.2836E-1	2.9000E+2
-7.2186E-1	5.2738E-1	3.0200E+2
-7.2162E-1	5.2884E-1	-4.7900E+2
-7.2151E-1	5.2787E-1	-3.3200E+2
-7.2139E-1	5.2617E-1	2.2000E+1
-7.2127E-1	5.2617E-1	5.9600E+2
-7.2115E-1	5.2714E-1	1.3500E+2
-7.2104E-1	5.2617E-1	-5.4100E+2
-7.2080E-1	5.2568E-1	5.7100E+2
-7.2068E-1	5.2398E-1	-3.6000E+1
-7.2057E-1	5.2495E-1	2.8900E+2
-7.2045E-1	5.2252E-1	-7.7000E+1
-7.2033E-1	5.2544E-1	3.1100E+2
-7.2009E-1	5.2617E-1	-2.3400E+2
-7.1998E-1	5.2325E-1	-3.8200E+2
-7.1986E-1	5.2350E-1	6.6900E+2
-7.1974E-1	5.2495E-1	1.6500E+2
-7.1962E-1	5.2423E-1	-2.0000E+2
-7.1951E-1	5.2423E-1	3.3300E+2
-7.1927E-1	5.2447E-1	-2.0500E+2
-7.1915E-1	5.2325E-1	2.0000E+1
-7.1904E-1	5.2180E-1	1.2800E+2
-7.1892E-1	5.2082E-1	4.8600E+2
-7.1880E-1	5.2228E-1	8.7000E+1
-7.1868E-1	5.2447E-1	3.6000E+1
-7.1845E-1	5.2252E-1	-7.6000E+1
-7.1833E-1	5.2228E-1	1.0000E+0
-7.1821E-1	5.2155E-1	3.2300E+2
-7.1809E-1	5.2010E-1	4.6300E+2
-7.1798E-1	5.2155E-1	-2.4400E+2
-7.1786E-1	5.2131E-1	2.2600E+2
-7.1774E-1	5.2034E-1	3.8700E+2
-7.1751E-1	5.2010E-1	5.1800E+2
-7.1739E-1	5.2204E-1	1.6300E+2
-7.1727E-1	5.2010E-1	3.3100E+2
-7.1715E-1	5.2010E-1	3.4800E+2
-7.1704E-1	5.2228E-1	-1.1400E+2
-7.1692E-1	5.2058E-1	-6.1000E+2
-7.1668E-1	5.1912E-1	-3.1900E+2
-7.1657E-1	5.2204E-1	1.0700E+2
-7.1645E-1	5.2107E-1	7.6000E+1
-7.1633E-1	5.2107E-1	1.7000E+2
-7.1621E-1	5.1912E-1	7.6000E+1
-7.1609E-1	5.2034E-1	-3.8100E+2
-7.1586E-1	5.1839E-1	-5.5400E+2
-7.1574E-1	5.1985E-1	8.0000E+1
-7.1562E-1	5.2107E-1	2.9500E+2
-7.1551E-1	5.2082E-1	9.0000E+0
-7.1539E-1	5.2058E-1	1.5600E+2
-7.1527E-1	5.2058E-1	-7.6000E+1
-7.1504E-1	5.1937E-1	-8.9000E+1
-7.1492E-1	5.2204E-1	-7.5600E+2
-7.1480E-1	5.1888E-1	-1.6400E+2
-7.1468E-1	5.2180E-1	-6.0800E+2
-7.1456E-1	5.2155E-1	-5.9100E+2
-7.1433E-1	5.2180E-1	-7.5600E+2
-7.1421E-1	5.2131E-1	-5.7100E+2
-7.1409E-1	5.2155E-1	-5.9000E+1
-7.1398E-1	5.2301E-1	2.5800E+2
-7.1386E-1	5.2301E-1	-1.2140E+3
-7.1374E-1	5.2593E-1	-1.1700E+2
-7.1351E-1	5.2593E-1	-5.7600E+2
-7.1339E-1	5.2763E-1	-3.8200E+2
-7.1327E-1	5.2981E-1	-1.2230E+3
-7.1315E-1	5.2763E-1	-1.1820E+3
-7.1304E-1	5.2957E-1	-4.6600E+2
-7.1292E-1	5.3249E-1	-1.3780E+3
-7.1268E-1	5.3273E-1	-1.0530E+3
-7.1256E-1	5.3394E-1	-1.8090E+3
-7.1245E-1	5.3613E-1	-1.0890E+3
-7.1233E-1	5.3807E-1	-1.3580E+3
-7.1221E-1	5.3953E-1	-1.9120E+3
-7.1209E-1	5.4220E-1	-2.1800E+3
-7.1198E-1	5.4730E-1	-2.3110E+3
-7.1174E-1	5.5192E-1	-2.5490E+3
-7.1162E-1	5.5362E-1	-2.5640E+3
-7.1151E-1	5.5848E-1	-2.1810E+3
-7.1139E-1	5.6091E-1	-2.2520E+3
-7.1127E-1	5.6237E-1	-2.1180E+3
-7.1115E-1	5.6625E-1	-1.6700E+3
-7.1092E-1	5.6771E-1	-1.4700E+3
-7.1080E-1	5.6965E-1	-1.1120E+3
-7.1068E-1	5.6990E-1	-3.7200E+2
-7.1056E-1	5.7038E-1	-3.8300E+2
-7.1045E-1	5.6747E-1	4.9500E+2
-7.1033E-1	5.6552E-1	1.3670E+3
-7.1009E-1	5.6358E-1	2.3060E+3
-7.0998E-1	5.5775E-1	1.4620E+3
-7.0986E-1	5.5483E-1	2.1950E+3
-7.0974E-1	5.4803E-1	2.4090E+3
-7.0962E-1	5.4609E-1	1.4030E+3
-7.0939E-1	5.3977E-1	1.7640E+3
-7.0927E-1	5.3807E-1	1.4280E+3
-7.0915E-1	5.3467E-1	1.5500E+3
-7.0904E-1	5.2957E-1	2.2440E+3
-7.0892E-1	5.2787E-1	9.2900E+2
-7.0880E-1	5.2787E-1	1.1530E+3
-7.0856E-1	5.2471E-1	1.5420E+3
-7.0845E-1	5.2301E-1	1.3080E+3
-7.0833E-1	5.2301E-1	3.8900E+2
-7.0821E-1	5.1888E-1	6.0200E+2
-7.0809E-1	5.1694E-1	7.9600E+2
-7.0798E-1	5.1524E-1	5.4400E+2
-7.0774E-1	5.1256E-1	5.5000E+1
-7.0762E-1	5.1159E-1	7.2100E+2
-7.0751E-1	5.1062E-1	3.3900E+2
-7.0739E-1	5.1062E-1	1.0860E+3
-7.0727E-1	5.1135E-1	9.2100E+2
-7.0715E-1	5.0843E-1	6.8400E+2
-7.0692E-1	5.0746E-1	1.7100E+2
-7.0680E-1	5.0698E-1	4.0600E+2
-7.0668E-1	5.0552E-1	8.3400E+2
-7.0656E-1	5.0576E-1	4.5100E+2
-7.0645E-1	5.0528E-1	3.1500E+2
-7.0633E-1	5.0528E-1	1.1100E+2
-7.0621E-1	5.0552E-1	-8.0000E+0
-7.0598E-1	5.0309E-1	4.5300E+2
-7.0586E-1	5.0260E-1	-4.4500E+2
-7.0574E-1	5.0285E-1	4.4100E+2
-7.0562E-1	5.0163E-1	4.5600E+2
-7.0551E-1	5.0090E-1	3.1200E+2
-7.0539E-1	5.0042E-1	-3.2000E+1
-7.0515E-1	4.9969E-1	-7.7000E+1
-7.0503E-1	4.9920E-1	2.7200E+2
-7.0492E-1	5.0017E-1	4.2000E+2
-7.0480E-1	5.0090E-1	2.7500E+2
-7.0468E-1	4.9847E-1	8.7000E+1
-7.0456E-1	4.9823E-1	2.6800E+2
-7.0433E-1	4.9702E-1	2.7000E+1
-7.0421E-1	4.9872E-1	4.1200E+2
-7.0409E-1	4.9653E-1	1.8400E+2
-7.0398E-1	4.9702E-1	2.3400E+2
-7.0386E-1	4.9726E-1	9.5000E+1
-7.0362E-1	4.9532E-1	-1.6000E+2
-7.0351E-1	4.9605E-1	4.8000E+1
-7.0339E-1	4.9410E-1	-1.2800E+2
-7.0327E-1	4.9605E-1	-1.9800E+2
-7.0315E-1	4.9459E-1	3.7700E+2
-7.0303E-1	4.9556E-1	9.2000E+1
-7.0280E-1	4.9459E-1	6.1300E+2
-7.0268E-1	4.9434E-1	7.6000E+1
-7.0256E-1	4.9386E-1	-2.8000E+1
-7.0245E-1	4.9386E-1	2.0600E+2
-7.0233E-1	4.9216E-1	1.9800E+2
-7.0221E-1	4.9167E-1	3.1000E+2
-7.0198E-1	4.9362E-1	1.6300E+2
-7.0186E-1	4.9143E-1	-2.5000E+2
-7.0174E-1	4.8924E-1	3.4400E+2
-7.0162E-1	4.9167E-1	3.2200E+2
-7.0151E-1	4.9119E-1	-4.9000E+1
-7.0139E-1	4.9046E-1	5.0600E+2
-7.0115E-1	4.9046E-1	2.1600E+2
-7.0103E-1	4.8876E-1	-8.4000E+1
-7.0092E-1	4.9119E-1	-5.3000E+1
-7.0080E-1	4.8924E-1	-6.5300E+2
-7.0068E-1	4.8973E-1	-5.4000E+1
-7.0056E-1	4.8924E-1	-2.2400E+2
-7.0033E-1	4.8973E-1	3.1400E+2
-7.0021E-1	4.8633E-1	2.0000E+0
-7.0009E-1	4.8681E-1	3.6000E+2
-6.9998E-1	4.8803E-1	-7.6000E+1
-6.9986E-1	4.8779E-1	-5.4200E+2
-6.9974E-1	4.8657E-1	-6.1800E+2
-6.9962E-1	4.8608E-1	4.3300E+2
-6.9939E-1	4.8754E-1	-8.3000E+1
-6.9927E-1	4.8876E-1	-4.9300E+2
-6.9915E-1	4.8973E-1	-2.0600E+2
-6.9903E-1	4.8681E-1	-2.2600E+2
-6.9892E-1	4.8608E-1	4.1000E+2
-6.9868E-1	4.8511E-1	-1.6700E+2
-6.9856E-1	4.8584E-1	-5.8500E+2
-6.9845E-1	4.8560E-1	4.5300E+2
-6.9833E-1	4.8560E-1	3.0700E+2
-6.9821E-1	4.8536E-1	-5.8600E+2
-6.9809E-1	4.8560E-1	-9.1400E+2
-6.9786E-1	4.8536E-1	-3.6800E+2
-6.9774E-1	4.8463E-1	3.0400E+2
-6.9762E-1	4.8390E-1	-2.0300E+2
-6.9750E-1	4.8560E-1	1.6000E+1
-6.9739E-1	4.8293E-1	-1.7600E+2
-6.9727E-1	4.8706E-1	-1.1780E+3
-6.9703E-1	4.8438E-1	-4.0200E+2
-6.9692E-1	4.8438E-1	-4.6400E+2
-6.9680E-1	4.8366E-1	1.3900E+2
-6.9668E-1	4.8390E-1	-1.5400E+2
-6.9656E-1	4.8341E-1	1.1800E+2
-6.9645E-1	4.8390E-1	2.5900E+2
-6.9621E-1	4.8196E-1	9.3000E+1
-6.9609E-1	4.8341E-1	3.0100E+2
-6.9598E-1	4.8123E-1	3.9000E+2
-6.9586E-1	4.8196E-1	8.0000E+1
-6.9574E-1	4.8196E-1	-1.4800E+2
-6.9562E-1	4.8293E-1	-3.0000E+0
-6.9539E-1	4.8268E-1	-1.1500E+2
-6.9527E-1	4.8268E-1	2.3800E+2
-6.9515E-1	4.8098E-1	2.4000E+1
-6.9503E-1	4.8244E-1	6.0000E+0
-6.9492E-1	4.8123E-1	-5.5000E+1
-6.9480E-1	4.8317E-1	-5.8800E+2
-6.9468E-1	4.8171E-1	-2.7000E+2
-6.9445E-1	4.8244E-1	-7.5000E+1
-6.9433E-1	4.8220E-1	-5.0000E+0
-6.9421E-1	4.8268E-1	-2.0200E+2
-6.9409E-1	4.8244E-1	-3.2700E+2
-6.9398E-1	4.8147E-1	3.4200E+2
-6.9386E-1	4.8196E-1	-5.0000E+1
-6.9362E-1	4.8147E-1	2.0300E+2
-6.9350E-1	4.8220E-1	-8.1800E+2
-6.9339E-1	4.8147E-1	-4.8500E+2
-6.9327E-1	4.8123E-1	-1.5600E+2
-6.9315E-1	4.8147E-1	-9.9000E+1
-6.9292E-1	4.8050E-1	-2.1000E+1
-6.9280E-1	4.8171E-1	-5.3700E+2
-6.9268E-1	4.8074E-1	-3.7400E+2
-6.9256E-1	4.8098E-1	-1.5200E+2
-6.9245E-1	4.8025E-1	6.6000E+1
-6.9233E-1	4.7880E-1	-5.4800E+2
-6.9209E-1	4.8001E-1	9.8000E+1
-6.9198E-1	4.8050E-1	1.1300E+2
-6.9186E-1	4.7977E-1	1.8000E+1
-6.9174E-1	4.8098E-1	-4.4400E+2
-6.9162E-1	4.8050E-1	-1.0600E+2
-6.9150E-1	4.8098E-1	-8.3900E+2
-6.9127E-1	4.8050E-1	-5.2600E+2
-6.9115E-1	4.7904E-1	-4.8400E+2
-6.9103E-1	4.8098E-1	-2.2900E+2
-6.9092E-1	4.7855E-1	-1.1600E+2
-6.9080E-1	4.7880E-1	-7.2200E+2
-6.9068E-1	4.7831E-1	-4.8900E+2
-6.9045E-1	4.7928E-1	7.5000E+1
-6.9033E-1	4.7953E-1	-2.8400E+2
-6.9021E-1	4.7953E-1	5.4000E+1
-6.9009E-1	4.8001E-1	-5.3600E+2
-6.8997E-1	4.7904E-1	4.3300E+2
-6.8986E-1	4.8050E-1	-5.5300E+2
-6.8962E-1	4.7977E-1	3.2000E+1
-6.8950E-1	4.7855E-1	-4.8300E+2
-6.8939E-1	4.7977E-1	-2.2200E+2
-6.8927E-1	4.7831E-1	5.0000E+1
-6.8915E-1	4.8025E-1	1.1100E+2
-6.8903E-1	4.8123E-1	-5.6500E+2
-6.8892E-1	4.7904E-1	-2.8600E+2
-6.8868E-1	4.7953E-1	-1.0440E+3
-6.8856E-1	4.7880E-1	-8.1000E+2
-6.8845E-1	4.7758E-1	-1.6100E+2
-6.8833E-1	4.8074E-1	-1.3000E+1
-6.8821E-1	4.7904E-1	-7.3600E+2
-6.8797E-1	4.7880E-1	-1.3600E+2
-6.8786E-1	4.7928E-1	3.1000E+1
-6.8774E-1	4.8001E-1	-2.3800E+2
-6.8762E-1	4.7977E-1	-9.0000E+1
-6.8750E-1	4.7855E-1	-4.5500E+2
-6.8739E-1	4.7710E-1	-1.4900E+2
-6.8715E-1	4.7904E-1	5.3000E+1
-6.8703E-1	4.7831E-1	-5.3000E+1
-6.8692E-1	4.8001E-1	-7.1000E+1
-6.8680E-1	4.8050E-1	-2.8900E+2
-6.8668E-1	4.7904E-1	-3.5200E+2
-6.8656E-1	4.7904E-1	-4.7800E+2
-6.8633E-1	4.7880E-1	-1.7500E+2
-6.8621E-1	4.7928E-1	-1.4000E+2
-6.8609E-1	4.8098E-1	2.1700E+2
-6.8597E-1	4.7928E-1	-5.7700E+2
-6.8586E-1	4.7953E-1	2.4200E+2
-6.8574E-1	4.8074E-1	-6.8500E+2
-6.8550E-1	4.8050E-1	3.5000E+1
-6.8539E-1	4.8025E-1	-4.7800E+2
-6.8527E-1	4.8001E-1	1.9500E+2
-6.8515E-1	4.8050E-1	-5.2100E+2
-6.8503E-1	4.8050E-1	-3.0200E+2
-6.8492E-1	4.8001E-1	5.8000E+1
-6.8468E-1	4.8220E-1	-7.7900E+2
-6.8456E-1	4.8098E-1	-4.6000E+1
-6.8445E-1	4.8074E-1	-6.1900E+2
-6.8433E-1	4.8074E-1	-5.6600E+2
-6.8421E-1	4.8171E-1	-5.9800E+2
-6.8409E-1	4.8171E-1	-5.1200E+2
-6.8386E-1	4.8196E-1	3.7000E+1
-6.8374E-1	4.8244E-1	-2.0000E+1
-6.8362E-1	4.8366E-1	-7.4000E+2
-6.8350E-1	4.8366E-1	-1.2060E+3
-6.8339E-1	4.8438E-1	-1.0310E+3
-6.8327E-1	4.8438E-1	-9.5600E+2
-6.8303E-1	4.8633E-1	-1.4120E+3
-6.8292E-1	4.8633E-1	-1.4200E+3
-6.8280E-1	4.8608E-1	-8.2700E+2
-6.8268E-1	4.8827E-1	-1.7760E+3
-6.8256E-1	4.9046E-1	-1.3450E+3
-6.8244E-1	4.8973E-1	-1.2390E+3
-6.8221E-1	4.8851E-1	-1.2590E+3
-6.8209E-1	4.9070E-1	-7.2100E+2
-6.8197E-1	4.8924E-1	-8.5300E+2
-6.8186E-1	4.9143E-1	-1.1510E+3
-6.8174E-1	4.9070E-1	1.9900E+2
-6.8162E-1	4.8949E-1	-8.3000E+1
-6.8139E-1	4.9046E-1	2.8200E+2
-6.8127E-1	4.9070E-1	2.0000E+2
-6.8115E-1	4.9070E-1	7.8900E+2
-6.8103E-1	4.8949E-1	-1.7400E+2
-6.8092E-1	4.8973E-1	5.5100E+2
-6.8080E-1	4.8754E-1	3.4900E+2
-6.8056E-1	4.8657E-1	2.1100E+2
-6.8044E-1	4.8608E-1	-3.8300E+2
-6.8033E-1	4.8511E-1	-9.1000E+1
-6.8021E-1	4.8463E-1	2.5600E+2
-6.8009E-1	4.8414E-1	-5.4000E+1
-6.7997E-1	4.8366E-1	1.2600E+2
-6.7974E-1	4.8463E-1	-7.9000E+1
-6.7962E-1	4.8487E-1	1.9000E+2
-6.7950E-1	4.8268E-1	-1.4500E+2
-6.7939E-1	4.8438E-1	-5.8800E+2
-6.7927E-1	4.8317E-1	-2.5900E+2
-6.7915E-1	4.8244E-1	-3.0000E+1
-6.7892E-1	4.8196E-1	1.1000E+1
-6.7880E-1	4.8390E-1	-3.1000E+1
-6.7868E-1	4.8220E-1	-5.4900E+2
-6.7856E-1	4.8341E-1	-1.5600E+2
-6.7844E-1	4.8147E-1	-9.8000E+1
-6.7833E-1	4.8414E-1	-2.0200E+2
-6.7809E-1	4.8317E-1	-5.9900E+2
-6.7797E-1	4.8341E-1	-2.2100E+2
-6.7786E-1	4.8244E-1	-1.5700E+2
-6.7774E-1	4.8414E-1	2.7900E+2
-6.7762E-1	4.8487E-1	-3.4000E+2
-6.7750E-1	4.8147E-1	-9.6000E+1
-6.7727E-1	4.8511E-1	-2.2200E+2
-6.7715E-1	4.8366E-1	-1.3700E+2
-6.7703E-1	4.8390E-1	1.2100E+2
-6.7692E-1	4.8268E-1	4.4700E+2
-6.7680E-1	4.8196E-1	-1.5600E+2
-6.7668E-1	4.8390E-1	8.3000E+1
-6.7644E-1	4.8341E-1	-6.3000E+2
-6.7633E-1	4.8681E-1	3.5000E+1
-6.7621E-1	4.8390E-1	-4.3500E+2
-6.7609E-1	4.8438E-1	-2.2200E+2
-6.7597E-1	4.8487E-1	-5.7000E+1
-6.7586E-1	4.8463E-1	-4.8800E+2
-6.7562E-1	4.8560E-1	-7.1200E+2
-6.7550E-1	4.8366E-1	-6.3000E+2
-6.7539E-1	4.8657E-1	3.4600E+2
-6.7527E-1	4.8487E-1	-6.3000E+2
-6.7515E-1	4.8681E-1	-1.8200E+2
-6.7503E-1	4.8681E-1	2.4100E+2
-6.7480E-1	4.8608E-1	-6.0100E+2
-6.7468E-1	4.8560E-1	-3.5100E+2
-6.7456E-1	4.8487E-1	-2.1300E+2
-6.7444E-1	4.8706E-1	-8.2800E+2
-6.7433E-1	4.8438E-1	-5.5000E+2
-6.7421E-1	4.8608E-1	-1.3700E+2
-6.7397E-1	4.8536E-1	-5.6300E+2
-6.7386E-1	4.8560E-1	-3.4100E+2
-6.7374E-1	4.8487E-1	-3.2300E+2
-6.7362E-1	4.8584E-1	-4.0200E+2
-6.7350E-1	4.8536E-1	-1.2900E+2
-6.7339E-1	4.8681E-1	-1.1370E+3
-6.7315E-1	4.8851E-1	-3.6000E+2
-6.7303E-1	4.8730E-1	-7.1500E+2
-6.7291E-1	4.8487E-1	1.3000E+1
-6.7280E-1	4.8754E-1	-1.0400E+2
-6.7268E-1	4.8754E-1	-6.7000E+2
-6.7256E-1	4.8851E-1	-2.2500E+2
-6.7233E-1	4.8706E-1	-5.3800E+2
-6.7221E-1	4.8924E-1	-4.5800E+2
-6.7209E-1	4.8851E-1	-3.3100E+2
-6.7197E-1	4.8827E-1	-4.9400E+2
-6.7186E-1	4.8900E-1	-2.2900E+2
-6.7174E-1	4.8900E-1	-2.5900E+2
-6.7150E-1	4.8851E-1	-1.3800E+2
-6.7139E-1	4.9021E-1	-2.0100E+2
-6.7127E-1	4.9046E-1	-2.0200E+2
-6.7115E-1	4.8924E-1	-6.4400E+2
-6.7103E-1	4.9046E-1	-6.1100E+2
-6.7091E-1	4.9094E-1	-4.6700E+2
-6.7068E-1	4.8973E-1	-2.6000E+2
-6.7056E-1	4.9070E-1	-1.9900E+2
-6.7044E-1	4.9094E-1	-4.2000E+1
-6.7033E-1	4.9119E-1	9.6000E+1
-6.7021E-1	4.9046E-1	-3.2000E+2
-6.7009E-1	4.9167E-1	-2.3900E+2
-6.6986E-1	4.9143E-1	-5.5900E+2
-6.6974E-1	4.9264E-1	6.0000E+0
-6.6962E-1	4.9240E-1	-7.9300E+2
-6.6950E-1	4.9337E-1	-3.1300E+2
-6.6939E-1	4.9313E-1	-3.0800E+2
-6.6927E-1	4.9434E-1	-5.0200E+2
-6.6903E-1	4.9216E-1	-4.9000E+2
-6.6891E-1	4.9264E-1	-8.1600E+2
-6.6880E-1	4.9337E-1	5.3000E+1
-6.6868E-1	4.9216E-1	-3.7100E+2
-6.6856E-1	4.9337E-1	-3.0500E+2
-6.6844E-1	4.9289E-1	-7.5300E+2
-6.6821E-1	4.9483E-1	-1.2400E+2
-6.6809E-1	4.9434E-1	2.9000E+1
-6.6797E-1	4.9459E-1	-4.4700E+2
-6.6786E-1	4.9677E-1	-4.2700E+2
-6.6774E-1	4.9507E-1	-1.3100E+2
-6.6762E-1	4.9605E-1	-9.2900E+2
-6.6738E-1	4.9434E-1	-3.7000E+2
-6.6727E-1	4.9556E-1	-5.6800E+2
-6.6715E-1	4.9605E-1	-2.2000E+1
-6.6703E-1	4.9483E-1	-4.5500E+2
-6.6691E-1	4.9726E-1	-6.1700E+2
-6.6680E-1	4.9605E-1	-5.4200E+2
-6.6656E-1	4.9605E-1	-9.5900E+2
-6.6644E-1	4.9726E-1	-1.3000E+1
-6.6633E-1	4.9605E-1	-3.2800E+2
-6.6621E-1	4.9726E-1	-5.7800E+2
-6.6609E-1	4.9775E-1	-1.2100E+3
-6.6597E-1	4.9677E-1	-1.0100E+2
-6.6574E-1	4.9823E-1	-8.5300E+2
-6.6562E-1	4.9799E-1	-3.9600E+2
-6.6550E-1	4.9847E-1	-4.1200E+2
-6.6538E-1	4.9872E-1	-4.3600E+2
-6.6527E-1	4.9896E-1	-4.1500E+2
-6.6515E-1	4.9872E-1	-1.1010E+3
-6.6491E-1	5.0017E-1	-1.0730E+3
-6.6480E-1	4.9896E-1	-2.9200E+2
-6.6468E-1	5.0115E-1	2.6000E+1
-6.6456E-1	4.9993E-1	-1.3100E+2
-6.6444E-1	5.0212E-1	-6.5700E+2
-6.6433E-1	5.0139E-1	-9.7100E+2
-6.6409E-1	5.0236E-1	-5.5600E+2
-6.6397E-1	5.0285E-1	-3.3100E+2
-6.6386E-1	5.0333E-1	-1.5700E+2
-6.6374E-1	5.0285E-1	2.5100E+2
-6.6362E-1	5.0212E-1	1.3000E+2
-6.6350E-1	5.0309E-1	-5.4600E+2
-6.6327E-1	5.0333E-1	-5.4800E+2
-6.6315E-1	5.0309E-1	-6.0100E+2
-6.6303E-1	5.0406E-1	-4.2600E+2
-6.6291E-1	5.0430E-1	-4.6800E+2
-6.6280E-1	5.0358E-1	-7.7700E+2
-6.6268E-1	5.0649E-1	-8.7400E+2
-6.6244E-1	5.0479E-1	-3.6800E+2
-6.6233E-1	5.0601E-1	-3.1500E+2
-6.6221E-1	5.0528E-1	-7.2500E+2
-6.6209E-1	5.0649E-1	-2.0700E+2
-6.6197E-1	5.0455E-1	-6.8000E+2
-6.6186E-1	5.0625E-1	-7.5400E+2
-6.6162E-1	5.0601E-1	-7.8800E+2
-6.6150E-1	5.0795E-1	-1.1670E+3
-6.6138E-1	5.0722E-1	-8.3200E+2
