1,3000000E+2	3,6670549E-1	1,0400439E-1	5,6296488E-5	6,9056816E-6	5,0061905E-5	6,6271166E-6	1,9366667E-5	4,6729024E-6
1,3004000E+2	4,9298428E-1	1,3447243E-2	8,4881523E-5	8,9242160E-7	7,4742857E-5	1,0240013E-6	4,0142857E-5	1,0157158E-6
1,3008000E+2	5,0151727E-1	1,5256375E-2	8,5221786E-5	9,6813226E-7	7,4419048E-5	1,1606812E-6	4,0990476E-5	1,1674096E-6
1,3012000E+2	4,9585211E-1	1,2452478E-2	8,5658425E-5	7,9642833E-7	7,5219048E-5	9,5604966E-7	4,0561905E-5	9,3119483E-7
1,3016000E+2	5,0128148E-1	1,3140849E-2	8,5437807E-5	7,9446891E-7	7,4680952E-5	9,0778905E-7	4,0985714E-5	1,0276256E-6
1,3020000E+2	5,0262940E-1	1,1001530E-2	8,6508788E-5	9,5866126E-7	7,5709524E-5	1,0682674E-6	4,1409524E-5	8,6121730E-7
1,3024000E+2	5,1454681E-1	1,1549438E-2	8,6429143E-5	9,1526922E-7	7,5223810E-5	1,0100471E-6	4,2542857E-5	9,9888867E-7
1,3028000E+2	5,3102710E-1	2,6982876E-2	8,5558360E-5	9,7017892E-7	7,3614286E-5	1,8100592E-6	4,2714286E-5	1,4892160E-6
1,3032000E+2	5,1656662E-1	1,2069266E-2	8,6496043E-5	8,2738361E-7	7,5004762E-5	9,0899604E-7	4,2747619E-5	9,1152672E-7
1,3036000E+2	5,2034198E-1	1,1833800E-2	8,6898480E-5	7,9160576E-7	7,5400000E-5	9,0711080E-7	4,3014286E-5	9,4287554E-7
1,3040000E+2	5,2223757E-1	1,1471668E-2	8,7359273E-5	8,0290732E-7	7,5609524E-5	9,5372702E-7	4,3347619E-5	8,7973346E-7
1,3044000E+2	5,2112594E-1	1,1555288E-2	8,6425883E-5	7,9303757E-7	7,4742857E-5	9,0640971E-7	4,3019048E-5	9,3420070E-7
1,3048000E+2	5,2850424E-1	1,0279893E-2	8,6853146E-5	7,9098414E-7	7,4871429E-5	9,0824399E-7	4,3795238E-5	8,1873305E-7
1,3052000E+2	5,3825206E-1	1,1279520E-2	8,7785289E-5	6,8970123E-7	7,5290476E-5	8,7212111E-7	4,5000000E-5	9,0263503E-7
1,3056000E+2	5,3016483E-1	1,0656128E-2	8,7635386E-5	6,8916839E-7	7,5471429E-5	8,1034384E-7	4,4071429E-5	8,3361091E-7
1,3060000E+2	5,3196168E-1	1,0817976E-2	8,7207048E-5	7,1797708E-7	7,4966667E-5	8,6580406E-7	4,4500000E-5	9,0094395E-7
1,3064000E+2	5,3192140E-1	1,0525884E-2	8,8685813E-5	6,5103542E-7	7,6261905E-5	7,5800647E-7	4,4652381E-5	7,5636033E-7
1,3068000E+2	5,3780452E-1	1,0593129E-2	8,7761010E-5	6,6762138E-7	7,5061905E-5	7,9443301E-7	4,5157143E-5	8,3945135E-7
1,3072000E+2	5,7076367E-1	6,1161912E-3	8,9226413E-5	6,7875401E-7	7,6376190E-5	8,0600573E-7	4,7638095E-5	5,5138354E-7
1,3076000E+2	5,5690247E-1	1,0014686E-2	8,8222244E-5	6,0128450E-7	7,5095238E-5	6,9427935E-7	4,6695238E-5	7,5836918E-7
1,3080000E+2	5,5458639E-1	9,4849353E-3	8,8404318E-5	6,5097925E-7	7,5257143E-5	7,7332307E-7	4,6595238E-5	7,5251167E-7
1,3084000E+2	5,3668803E-1	1,0805745E-2	8,9027505E-5	6,7452001E-7	7,6471429E-5	8,7310202E-7	4,5428571E-5	8,6813429E-7
1,3088000E+2	5,1483614E-1	9,3913278E-3	8,9232482E-5	5,6911464E-7	7,7323810E-5	6,5226163E-7	4,3747619E-5	6,9615440E-7
1,3092000E+2	5,3513079E-1	9,0491044E-3	8,9491071E-5	6,1457591E-7	7,6985714E-5	6,9116878E-7	4,5604762E-5	7,2888532E-7
1,3096000E+2	5,3414199E-1	9,1411559E-3	8,9426367E-5	6,6511647E-7	7,6923810E-5	7,4191997E-7	4,5500000E-5	7,0338467E-7
1,3100000E+2	5,3908112E-1	9,1889096E-3	8,9330500E-5	5,9407031E-7	7,6514286E-5	7,0679862E-7	4,5895238E-5	7,4941565E-7
1,3104000E+2	5,3568988E-1	8,9179250E-3	8,9917290E-5	6,2584293E-7	7,7109524E-5	7,4053713E-7	4,5914286E-5	7,2633621E-7
1,3108000E+2	5,4675946E-1	8,8293907E-3	9,0406717E-5	6,1136421E-7	7,7128571E-5	7,0742996E-7	4,7023810E-5	7,1392943E-7
1,3112000E+2	5,4750856E-1	8,0720295E-3	9,0491187E-5	5,4119379E-7	7,7257143E-5	6,2624162E-7	4,6957143E-5	6,3508155E-7
1,3116000E+2	5,5410732E-1	7,9691759E-3	9,0445162E-5	5,2166728E-7	7,6747619E-5	5,9559294E-7	4,7700000E-5	6,4668385E-7
1,3120000E+2	5,5865279E-1	7,6214961E-3	9,0678331E-5	5,1265500E-7	7,6895238E-5	5,7286456E-7	4,7914286E-5	6,2097849E-7
1,3124000E+2	5,6042238E-1	8,3061379E-3	9,1306219E-5	4,6144227E-7	7,7238095E-5	5,4993073E-7	4,8538095E-5	6,5656211E-7
1,3128000E+2	5,6576075E-1	7,7987797E-3	9,1387162E-5	4,7065749E-7	7,7042857E-5	5,4966223E-7	4,8866667E-5	6,5235471E-7
1,3132000E+2	5,6750676E-1	7,6195034E-3	9,0971872E-5	5,2182292E-7	7,6552381E-5	5,8977195E-7	4,8957143E-5	6,1666731E-7
1,3136000E+2	5,4009923E-1	7,8113951E-3	9,1691246E-5	5,3959374E-7	7,8547619E-5	6,0719103E-7	4,7261905E-5	6,4913312E-7
1,3140000E+2	5,4505716E-1	7,4431314E-3	9,2023199E-5	4,9836657E-7	7,8561905E-5	5,7591129E-7	4,7728571E-5	6,4436569E-7
1,3144000E+2	5,4977602E-1	7,5275946E-3	9,2158194E-5	5,3979421E-7	7,8557143E-5	6,3433317E-7	4,8271429E-5	5,8852115E-7
1,3148000E+2	5,4935094E-1	8,1245957E-3	9,2592485E-5	3,9511612E-7	7,8871429E-5	5,0715594E-7	4,8338095E-5	6,5644787E-7
1,3152000E+2	5,5734735E-1	6,7889315E-3	9,2177522E-5	6,7288988E-7	7,8104762E-5	7,6146163E-7	4,8938095E-5	5,4628180E-7
1,3156000E+2	5,5505639E-1	8,5098710E-3	9,3135631E-5	4,8533159E-7	7,8914286E-5	6,1770890E-7	4,8980952E-5	7,2248249E-7
1,3160000E+2	5,6861214E-1	7,6317344E-3	9,2763528E-5	4,8169863E-7	7,8404762E-5	6,1173835E-7	5,0019048E-5	6,6826713E-7
1,3164000E+2	5,6659023E-1	7,2490507E-3	9,3688781E-5	5,0069376E-7	7,8952381E-5	5,8794639E-7	4,9971429E-5	6,0399267E-7
1,3168000E+2	5,6682258E-1	7,5895981E-3	9,3557708E-5	4,8153467E-7	7,8566667E-5	5,7759559E-7	4,9961905E-5	6,4029197E-7
1,3172000E+2	5,5772926E-1	6,0193713E-3	9,5388248E-5	1,8148015E-7	8,0685714E-5	2,3909054E-7	4,8761905E-5	4,2921301E-7
1,3176000E+2	5,7957646E-1	7,2644814E-3	9,3817267E-5	5,6088830E-7	7,8238095E-5	6,3861084E-7	5,1623810E-5	6,0091201E-7
1,3180000E+2	5,9062620E-1	8,1649040E-3	9,3832004E-5	4,2974866E-7	7,8161905E-5	5,0987627E-7	5,2180952E-5	6,3771542E-7
1,3184000E+2	5,8586141E-1	7,5783883E-3	9,4379795E-5	4,4102237E-7	7,8485714E-5	5,2303373E-7	5,1980952E-5	6,5286366E-7
1,3188000E+2	5,4893288E-1	6,3926756E-3	9,4756543E-5	5,4499875E-7	8,0704762E-5	6,5640979E-7	4,9766667E-5	4,9826365E-7
1,3192000E+2	5,5339562E-1	7,0238121E-3	9,5781329E-5	4,8909939E-7	8,1661905E-5	5,5079380E-7	5,0238095E-5	6,2499905E-7
1,3196000E+2	5,5311912E-1	6,2112359E-3	9,5467600E-5	4,4951660E-7	8,1185714E-5	5,5476507E-7	4,9961905E-5	5,0554308E-7
1,3200000E+2	5,5817889E-1	6,5725960E-3	9,6152747E-5	4,8231857E-7	8,1542857E-5	5,7208266E-7	5,0747619E-5	5,6212183E-7
1,3204000E+2	5,6904714E-1	6,8844868E-3	9,5608567E-5	6,1371800E-7	8,0647619E-5	6,3504406E-7	5,1538095E-5	5,4080848E-7
1,3208000E+2	5,6566263E-1	6,3166149E-3	9,6016084E-5	4,9371910E-7	8,0976190E-5	6,3941007E-7	5,1476190E-5	5,1676420E-7
1,3212000E+2	5,7737668E-1	6,8706894E-3	9,6178386E-5	4,8546156E-7	8,0538095E-5	5,4774429E-7	5,2509524E-5	5,7432155E-7
1,3216000E+2	5,7967676E-1	6,2684054E-3	9,6702813E-5	4,8100158E-7	8,1004762E-5	5,8431482E-7	5,2876190E-5	5,5181087E-7
1,3220000E+2	5,7696346E-1	6,7382014E-3	9,6967508E-5	4,3880678E-7	8,1304762E-5	4,9550359E-7	5,2795238E-5	5,8457148E-7
1,3224000E+2	5,8881605E-1	6,3694710E-3	9,6943778E-5	4,2429570E-7	8,0680952E-5	5,0068049E-7	5,3752381E-5	5,5007359E-7
1,3228000E+2	5,8747316E-1	5,6097668E-3	9,7031633E-5	3,7425335E-7	8,0709524E-5	4,8061964E-7	5,3628571E-5	5,2178266E-7
1,3232000E+2	5,9684034E-1	6,1513315E-3	9,7304207E-5	4,2923911E-7	8,0442857E-5	4,9404309E-7	5,4709524E-5	5,2296772E-7
1,3236000E+2	6,0362740E-1	6,0656397E-3	9,7521154E-5	3,7962552E-7	8,0290476E-5	4,7402029E-7	5,5376190E-5	5,1912931E-7
1,3240000E+2	6,0036558E-1	6,5601387E-3	9,7390681E-5	4,3358996E-7	8,0380952E-5	5,1281668E-7	5,5104762E-5	5,4140910E-7
1,3244000E+2	5,8254817E-1	6,1662841E-3	9,8069703E-5	4,2979577E-7	8,1771429E-5	5,2340915E-7	5,4019048E-5	5,2794976E-7
1,3248000E+2	5,9180427E-1	5,7082463E-3	9,9152510E-5	4,3818810E-7	8,2357143E-5	4,9379001E-7	5,5380952E-5	4,4410692E-7
1,3252000E+2	5,9385175E-1	5,9133450E-3	9,8384167E-5	4,6706129E-7	8,1461905E-5	5,2571267E-7	5,5233333E-5	5,3034580E-7
1,3256000E+2	5,9465354E-1	5,7448157E-3	9,8591564E-5	4,4887260E-7	8,1614286E-5	5,1726617E-7	5,5185714E-5	5,2460870E-7
1,3260000E+2	6,0699007E-1	5,8251727E-3	9,8663413E-5	3,2419087E-7	8,1057143E-5	4,2811047E-7	5,6371429E-5	5,2892073E-7
1,3264000E+2	6,0790738E-1	5,9600511E-3	9,8864907E-5	4,2400773E-7	8,1371429E-5	5,1914077E-7	5,6423810E-5	5,0358240E-7
1,3268000E+2	6,2171296E-1	4,2591459E-3	9,7407548E-5	1,7169187E-7	7,9028571E-5	1,8589552E-7	5,8685714E-5	2,7859341E-7
1,3272000E+2	6,1941281E-1	3,9723541E-3	9,9835830E-5	4,0502067E-7	8,2019048E-5	4,4438829E-7	5,7333333E-5	4,0732870E-7
1,3276000E+2	6,2589763E-1	5,2743360E-3	9,9589712E-5	3,3386449E-7	8,1104762E-5	4,0690762E-7	5,8280952E-5	4,2600581E-7
1,3280000E+2	5,9639028E-1	5,7011569E-3	1,0058316E-4	3,1012586E-7	8,3223810E-5	5,2658830E-7	5,6352381E-5	5,4284524E-7
1,3284000E+2	5,9797236E-1	5,0379614E-3	1,0112755E-4	3,7575774E-7	8,3766667E-5	4,6740418E-7	5,6742857E-5	4,9581102E-7
1,3288000E+2	6,0055938E-1	4,8336268E-3	1,0066876E-4	3,9283904E-7	8,3200000E-5	5,0502475E-7	5,6852381E-5	4,1758945E-7
1,3292000E+2	6,0133960E-1	5,1875952E-3	1,0110517E-4	4,2774875E-7	8,3395238E-5	4,6056901E-7	5,7133333E-5	5,0627726E-7
1,3296000E+2	6,0926153E-1	5,1747429E-3	1,0153388E-4	3,6240063E-7	8,3295238E-5	4,7934727E-7	5,7995238E-5	5,0677787E-7
1,3300000E+2	6,1044850E-1	4,6628465E-3	1,0140997E-4	3,4636725E-7	8,3161905E-5	4,2722805E-7	5,8180952E-5	4,3252856E-7
1,3304000E+2	6,1706087E-1	4,9678403E-3	1,0214529E-4	4,1299272E-7	8,3276190E-5	4,5896104E-7	5,9119048E-5	4,5042308E-7
1,3308000E+2	6,2127172E-1	4,5684514E-3	1,0198172E-4	3,5561857E-7	8,2942857E-5	4,0165728E-7	5,9385714E-5	4,3193088E-7
1,3312000E+2	6,2621586E-1	4,8540061E-3	1,0253635E-4	3,5407596E-7	8,3000000E-5	4,1821047E-7	6,0166667E-5	4,1523086E-7
1,3316000E+2	6,2954248E-1	5,5745177E-3	1,0226327E-4	3,4524222E-7	8,2690476E-5	4,2701901E-7	6,0123810E-5	5,2220230E-7
1,3320000E+2	6,3074333E-1	4,3298827E-3	1,0284465E-4	3,9775101E-7	8,2985714E-5	5,1866587E-7	6,0700000E-5	3,3852622E-7
1,3324000E+2	6,3732784E-1	4,9573676E-3	1,0267734E-4	3,2958905E-7	8,2623810E-5	3,9986903E-7	6,1028571E-5	4,3255883E-7
1,3328000E+2	6,4107769E-1	4,7827547E-3	1,0337805E-4	3,2766858E-7	8,2771429E-5	3,9975886E-7	6,1814286E-5	5,0657111E-7
1,3332000E+2	6,4917176E-1	5,0874581E-3	1,0357961E-4	3,5876295E-7	8,2552381E-5	4,8050073E-7	6,2671429E-5	4,5984469E-7
1,3336000E+2	6,3458849E-1	5,0815429E-3	1,0384568E-4	3,3661447E-7	8,3661905E-5	4,1063830E-7	6,1476190E-5	4,4005140E-7
1,3340000E+2	6,3506943E-1	4,6272642E-3	1,0404772E-4	3,5180409E-7	8,3738095E-5	4,1692183E-7	6,1676190E-5	4,0950609E-7
1,3344000E+2	6,3682321E-1	4,2338327E-3	1,0407715E-4	3,8489543E-7	8,3657143E-5	3,8810897E-7	6,1957143E-5	4,7268232E-7
1,3348000E+2	6,2937414E-1	4,2677425E-3	1,0477717E-4	3,6171850E-7	8,4728571E-5	4,5061862E-7	6,1804762E-5	4,3211550E-7
1,3352000E+2	6,3069603E-1	4,5394849E-3	1,0528736E-4	3,3461353E-7	8,4823810E-5	4,1796559E-7	6,2180952E-5	3,9897488E-7
1,3356000E+2	6,3844299E-1	4,2402867E-3	1,0556897E-4	3,0329018E-7	8,4838095E-5	3,7433115E-7	6,2804762E-5	4,4376098E-7
1,3360000E+2	6,4286307E-1	4,1021392E-3	1,0577597E-4	4,0248563E-7	8,4204762E-5	4,5091441E-7	6,3814286E-5	3,1632939E-7
1,3364000E+2	6,5446946E-1	4,6811278E-3	1,0649238E-4	3,0868137E-7	8,5214286E-5	3,4973459E-7	6,4071429E-5	4,2344674E-7
1,3368000E+2	6,5623558E-1	4,8224573E-3	1,0583585E-4	2,8686104E-7	8,3871429E-5	3,2343028E-7	6,4766667E-5	3,9219468E-7
1,3372000E+2	6,5637705E-1	4,0044630E-3	1,0611924E-4	2,5973820E-7	8,4080952E-5	3,6156736E-7	6,4680952E-5	3,7977750E-7
1,3376000E+2	6,6200826E-1	4,4402698E-3	1,0678689E-4	3,0629706E-7	8,4242857E-5	3,5458225E-7	6,5580952E-5	4,4568033E-7
1,3380000E+2	6,6908649E-1	4,1763185E-3	1,0704320E-4	2,8508863E-7	8,4085714E-5	4,0775518E-7	6,6223810E-5	3,6523313E-7
1,3384000E+2	6,7194260E-1	3,9293486E-3	1,0701892E-4	2,8926167E-7	8,3619048E-5	3,1101600E-7	6,6604762E-5	3,3410150E-7
1,3388000E+2	6,7376672E-1	3,7798386E-3	1,0719226E-4	3,3621191E-7	8,3719048E-5	3,7280149E-7	6,6885714E-5	3,5073392E-7
1,3392000E+2	6,5940539E-1	3,7876736E-3	1,0783957E-4	3,4450072E-7	8,5357143E-5	4,1758660E-7	6,6033333E-5	3,0144098E-7
1,3396000E+2	6,6162096E-1	3,3923569E-3	1,0790379E-4	2,7971195E-7	8,5014286E-5	3,1861307E-7	6,6319048E-5	2,7410026E-7
1,3400000E+2	6,6620718E-1	3,4866355E-3	1,0876341E-4	2,9087417E-7	8,5504762E-5	3,8369755E-7	6,7190476E-5	3,2364369E-7
1,3404000E+2	6,6974946E-1	3,7351384E-3	1,0876040E-4	3,0180232E-7	8,5157143E-5	3,7513807E-7	6,7519048E-5	3,5500838E-7
1,3408000E+2	6,7436733E-1	3,2302361E-3	1,0857092E-4	3,0861830E-7	8,4785714E-5	4,0026777E-7	6,7771429E-5	2,8776230E-7
1,3412000E+2	6,8309049E-1	3,4915301E-3	1,0911726E-4	2,5041728E-7	8,4604762E-5	2,8718254E-7	6,8900000E-5	2,6897955E-7
1,3416000E+2	6,8646165E-1	1,7238820E-3	1,0939543E-4	3,3422469E-7	8,4614286E-5	3,8879852E-7	6,9409524E-5	2,4544905E-7
1,3420000E+2	6,8439607E-1	4,2498457E-3	1,0964076E-4	2,4904580E-7	8,4880952E-5	3,7938233E-7	6,9319048E-5	3,5387986E-7
1,3424000E+2	6,6139440E-1	3,4300359E-3	1,1011279E-4	2,3727500E-7	8,6838095E-5	3,0777233E-7	6,7652381E-5	2,9661583E-7
1,3428000E+2	6,6625084E-1	3,0164736E-3	1,1080103E-4	2,6149955E-7	8,7042857E-5	3,2538988E-7	6,8533333E-5	2,7769888E-7
1,3432000E+2	6,6811728E-1	3,0092515E-3	1,1084035E-4	2,4743311E-7	8,6914286E-5	2,9242826E-7	6,8652381E-5	2,9262767E-7
1,3436000E+2	6,7328924E-1	3,4174946E-3	1,1103194E-4	2,5737974E-7	8,6861905E-5	3,2828922E-7	6,9185714E-5	2,8585711E-7
1,3440000E+2	6,7500475E-1	3,1874515E-3	1,1143923E-4	2,6418750E-7	8,6785714E-5	3,3243689E-7	6,9600000E-5	2,9274562E-7
1,3444000E+2	6,8534186E-1	3,2568495E-3	1,1184914E-4	2,4889747E-7	8,6819048E-5	3,4070655E-7	7,0685714E-5	4,1365963E-7
1,3448000E+2	6,9010389E-1	3,7581271E-3	1,1246382E-4	2,0831847E-7	8,6742857E-5	2,9720123E-7	7,1366667E-5	3,9232215E-7
1,3452000E+2	6,9413531E-1	3,5697790E-3	1,1212211E-4	2,9834739E-7	8,6252381E-5	3,2677355E-7	7,1614286E-5	3,0937725E-7
1,3456000E+2	6,9991897E-1	3,8458498E-3	1,1285081E-4	2,9754739E-7	8,6466667E-5	3,5159162E-7	7,2647619E-5	4,1101211E-7
1,3460000E+2	6,9776324E-1	2,7121737E-3	1,1284425E-4	2,8229167E-7	8,6376190E-5	3,7415938E-7	7,2385714E-5	2,8768783E-7
1,3464000E+2	7,2193961E-1	1,9061392E-3	1,1333893E-4	2,1831094E-7	8,6509524E-5	2,4676961E-7	7,4176190E-5	2,1446500E-7
1,3468000E+2	7,1337078E-1	3,1326641E-3	1,1309719E-4	2,0817348E-7	8,5471429E-5	1,8508685E-7	7,4390476E-5	3,0363669E-7
1,3472000E+2	7,1659745E-1	2,4265082E-3	1,1367173E-4	2,3800455E-7	8,5871429E-5	3,3616535E-7	7,4761905E-5	3,1902008E-7
1,3476000E+2	7,2354168E-1	2,6696574E-3	1,1373947E-4	2,6911909E-7	8,5233333E-5	3,4966651E-7	7,5404762E-5	2,6622135E-7
1,3480000E+2	7,0695442E-1	3,6969069E-3	1,1436273E-4	2,3953734E-7	8,6928571E-5	3,5799042E-7	7,4209524E-5	3,6358663E-7
1,3484000E+2	7,1035485E-1	3,1089106E-3	1,1421994E-4	3,0417336E-7	8,6680952E-5	3,8089494E-7	7,4471429E-5	3,4598720E-7
1,3488000E+2	7,1289903E-1	3,1637708E-3	1,1504969E-4	3,3917262E-7	8,6976190E-5	3,6068717E-7	7,5266667E-5	3,0301265E-7
1,3492000E+2	7,2042703E-1	3,1922973E-3	1,1591493E-4	1,9873240E-7	8,7057143E-5	2,5676560E-7	7,6538095E-5	3,1452156E-7
1,3496000E+2	7,2222270E-1	2,5651040E-3	1,1599211E-4	2,0738985E-7	8,6957143E-5	2,5323620E-7	7,6647619E-5	2,5155706E-7
1,3500000E+2	7,2695263E-1	2,7811549E-3	1,1610851E-4	2,1817162E-7	8,6709524E-5	2,9873942E-7	7,7180952E-5	2,1915965E-7
1,3504000E+2	7,3592805E-1	3,2744899E-3	1,1600133E-4	2,8076271E-7	8,5990476E-5	2,7321281E-7	7,7904762E-5	3,3335238E-7
1,3508000E+2	7,1574013E-1	4,4497180E-3	1,1690086E-4	2,2756676E-7	8,8123810E-5	4,3016885E-7	7,6785714E-5	3,9964270E-7
1,3512000E+2	7,0925686E-1	2,9218019E-3	1,1710553E-4	2,3599406E-7	8,8880952E-5	2,4895974E-7	7,6304762E-5	2,9710909E-7
1,3516000E+2	7,1587154E-1	3,9876650E-3	1,1778314E-4	2,3367367E-7	8,8880952E-5	3,4731967E-7	7,7290476E-5	3,8864539E-7
1,3520000E+2	7,1955086E-1	3,0866534E-3	1,1796596E-4	1,6253712E-7	8,8700000E-5	2,4959968E-7	7,7719048E-5	3,2631419E-7
1,3524000E+2	7,2299835E-1	2,8415928E-3	1,1855259E-4	2,2618413E-7	8,8923810E-5	2,7073093E-7	7,8347619E-5	3,1397604E-7
1,3528000E+2	7,2613630E-1	2,7651978E-3	1,1841804E-4	2,2135433E-7	8,8580952E-5	2,7162649E-7	7,8671429E-5	2,9674424E-7
1,3532000E+2	7,3240853E-1	2,6951250E-3	1,1892892E-4	2,4727720E-7	8,8280952E-5	3,5090020E-7	7,9638095E-5	3,2330142E-7
1,3536000E+2	7,3843722E-1	2,9035978E-3	1,1903904E-4	1,9270364E-7	8,8009524E-5	2,4938973E-7	8,0095238E-5	2,9482844E-7
1,3540000E+2	7,4112041E-1	2,9010841E-3	1,1941894E-4	2,9297780E-7	8,8171429E-5	3,8853204E-7	8,0585714E-5	3,3077830E-7
1,3544000E+2	7,4919894E-1	1,7827829E-3	1,1959980E-4	2,2822106E-7	8,7561905E-5	2,6958080E-7	8,1504762E-5	1,7485368E-7
1,3548000E+2	7,5317833E-1	2,6906089E-3	1,2032614E-4	1,8465783E-7	8,7838095E-5	2,4530350E-7	8,2300000E-5	2,3600847E-7
1,3552000E+2	7,5402663E-1	2,1776703E-3	1,1970687E-4	1,9975236E-7	8,6609524E-5	2,3226114E-7	8,2590476E-5	2,5376217E-7
1,3556000E+2	7,5765950E-1	2,7593641E-3	1,2142525E-4	2,2951897E-7	8,7938095E-5	2,8164483E-7	8,2823810E-5	2,5267615E-7
1,3560000E+2	7,7114177E-1	2,4559148E-3	1,2097830E-4	1,9705886E-7	8,6857143E-5	3,0319725E-7	8,4314286E-5	2,4852422E-7
1,3564000E+2	7,7531440E-1	2,7719949E-3	1,2113570E-4	1,9457366E-7	8,6590476E-5	2,1364746E-7	8,4790476E-5	2,2269988E-7
1,3568000E+2	7,6310835E-1	3,1146357E-3	1,2198724E-4	1,8964779E-7	8,8190476E-5	3,0568814E-7	8,4385714E-5	3,2880737E-7
1,3572000E+2	7,6206064E-1	2,8532978E-3	1,2210625E-4	1,8448001E-7	8,8347619E-5	2,3373265E-7	8,4328571E-5	2,2673143E-7
1,3576000E+2	7,6708424E-1	3,0477172E-3	1,2290644E-4	1,9940602E-7	8,8442857E-5	2,1407609E-7	8,5371429E-5	2,4516758E-7
1,3580000E+2	7,6999942E-1	1,9610874E-3	1,2277282E-4	2,3282901E-7	8,8133333E-5	3,1195619E-7	8,5504762E-5	1,8953577E-7
1,3584000E+2	7,8009779E-1	2,5607020E-3	1,2293486E-4	2,1442978E-7	8,7457143E-5	2,3807262E-7	8,6557143E-5	2,4429198E-7
1,3588000E+2	7,8219484E-1	1,8916985E-3	1,2347243E-4	1,9593081E-7	8,7600000E-5	2,1330729E-7	8,7033333E-5	2,3846733E-7
1,3592000E+2	7,8873415E-1	2,5745845E-3	1,2364106E-4	2,0243757E-7	8,7133333E-5	2,5664502E-7	8,7704762E-5	2,6985887E-7
1,3596000E+2	7,7436551E-1	3,0283711E-3	1,2413583E-4	2,2219678E-7	8,8657143E-5	3,0915784E-7	8,6804762E-5	2,7454291E-7
1,3600000E+2	7,7338393E-1	2,5846758E-3	1,2473375E-4	1,9461807E-7	8,9280952E-5	2,3586215E-7	8,7023810E-5	2,6738593E-7
1,3604000E+2	7,8195281E-1	2,0549715E-3	1,2524786E-4	1,9358705E-7	8,8876190E-5	2,2078324E-7	8,8204762E-5	3,2599664E-7
1,3608000E+2	7,8545875E-1	2,2229670E-3	1,2548706E-4	2,1244123E-7	8,8719048E-5	2,1232276E-7	8,8747619E-5	2,5783900E-7
1,3612000E+2	7,9179052E-1	2,1853112E-3	1,2544900E-4	2,2101125E-7	8,8190476E-5	2,7630642E-7	8,9271429E-5	2,4537144E-7
1,3616000E+2	7,9696249E-1	1,8796789E-3	1,2605614E-4	1,6224350E-7	8,8180952E-5	1,7444470E-7	9,0138095E-5	2,0958008E-7
1,3620000E+2	7,7630032E-1	3,8400160E-3	1,2672650E-4	1,9034913E-7	9,0390476E-5	3,7235096E-7	8,8790476E-5	3,4633111E-7
1,3624000E+2	7,7268824E-1	2,2014366E-3	1,2710680E-4	1,3344145E-7	9,0961905E-5	2,0645535E-7	8,8733333E-5	2,5023322E-7
1,3628000E+2	7,8083006E-1	1,9605470E-3	1,2747041E-4	1,5938550E-7	9,0628571E-5	2,0274897E-7	8,9700000E-5	2,0445048E-7
1,3632000E+2	7,8326981E-1	2,2795469E-3	1,2793571E-4	1,4248364E-7	9,0661905E-5	1,9955904E-7	9,0271429E-5	2,2069695E-7
1,3636000E+2	7,9380166E-1	1,9510446E-3	1,2794496E-4	2,0928345E-7	8,9742857E-5	2,7564211E-7	9,1166667E-5	2,0788619E-7
1,3640000E+2	7,9624844E-1	1,7791324E-3	1,2812233E-4	1,6046640E-7	8,9523810E-5	2,5158545E-7	9,1623810E-5	2,1873554E-7
1,3644000E+2	7,9740295E-1	1,6840551E-3	1,2877016E-4	1,5566258E-7	8,9842857E-5	2,0994897E-7	9,1990476E-5	2,3333503E-7
1,3648000E+2	8,0308781E-1	1,5620003E-3	1,2885465E-4	1,5222018E-7	8,9228571E-5	2,1484213E-7	9,2766667E-5	2,0728402E-7
1,3652000E+2	8,1055091E-1	1,3852399E-3	1,2942703E-4	1,5946776E-7	8,8400000E-5	9,3541435E-8	9,4928571E-5	2,0213150E-7
1,3656000E+2	8,0646076E-1	1,5991342E-3	1,2998139E-4	1,1692381E-7	8,9300000E-5	1,7860571E-7	9,3352381E-5	1,6134111E-7
1,3660000E+2	8,1793271E-1	1,9430419E-3	1,2999931E-4	1,2581299E-7	8,8480952E-5	2,2755428E-7	9,5271429E-5	2,7433035E-7
1,3664000E+2	8,2853150E-1	1,7233875E-3	1,3059992E-4	1,2193045E-7	8,8442857E-5	1,6241481E-7	9,5952381E-5	2,2810294E-7
1,3668000E+2	8,3201370E-1	2,0963669E-3	1,3092529E-4	1,9210929E-7	8,8276190E-5	2,4969028E-7	9,6633333E-5	1,9485037E-7
1,3672000E+2	8,3869916E-1	1,7774318E-3	1,3100815E-4	2,0584380E-7	8,7723810E-5	2,7275490E-7	9,7409524E-5	2,2681543E-7
1,3676000E+2	8,4167116E-1	1,5915924E-3	1,3124113E-4	1,1815279E-7	8,7471429E-5	2,2562611E-7	9,7852381E-5	2,2645298E-7
1,3680000E+2	8,4951611E-1	1,9611126E-3	1,3153097E-4	1,8861083E-7	8,6890476E-5	2,1259172E-7	9,8804762E-5	2,3350334E-7
1,3684000E+2	8,2303029E-1	1,9037998E-3	1,3236429E-4	1,5584692E-7	9,0019048E-5	1,6272969E-7	9,6976190E-5	1,9051309E-7
1,3688000E+2	8,2689188E-1	1,6045886E-3	1,3339421E-4	1,7796399E-7	9,0257143E-5	2,3308490E-7	9,8161905E-5	1,7456749E-7
1,3692000E+2	8,3322699E-1	1,6845960E-3	1,3360764E-4	1,7550201E-7	8,9876190E-5	2,4989045E-7	9,8833333E-5	2,0643805E-7
1,3696000E+2	8,4038567E-1	1,8162814E-3	1,3382939E-4	1,8144086E-7	8,9309524E-5	2,1270928E-7	9,9647619E-5	2,1628905E-7
1,3700000E+2	8,4401559E-1	1,7242235E-3	1,3401190E-4	1,7693486E-7	8,9047619E-5	2,0219039E-7	1,0010000E-4	2,3398718E-7
1,3704000E+2	8,4962971E-1	1,8955131E-3	1,3457194E-4	1,7787207E-7	8,8790476E-5	1,8246983E-7	1,0110000E-4	1,9467922E-7
1,3708000E+2	8,5493698E-1	1,5425186E-3	1,3495231E-4	1,8710057E-7	8,8623810E-5	1,8410659E-7	1,0186667E-4	1,8470698E-7
1,3712000E+2	8,5904943E-1	1,9207247E-3	1,3513552E-4	1,2005332E-7	8,8261905E-5	1,9228575E-7	1,0229524E-4	2,2421822E-7
1,3716000E+2	8,6635132E-1	1,7480291E-3	1,3566723E-4	2,1102865E-7	8,7895238E-5	2,4571083E-7	1,0335238E-4	2,0971636E-7
1,3720000E+2	8,7176041E-1	1,8507384E-3	1,3581380E-4	1,5518801E-7	8,7404762E-5	1,8144919E-7	1,0391905E-4	1,9398699E-7
1,3724000E+2	8,7914882E-1	2,1379743E-3	1,3607502E-4	1,6939291E-7	8,6766667E-5	2,0375639E-7	1,0481905E-4	2,3287540E-7
1,3728000E+2	8,8179684E-1	2,0373506E-3	1,3613950E-4	2,2039036E-7	8,6542857E-5	2,2940918E-7	1,0506667E-4	2,2642144E-7
1,3732000E+2	8,8787040E-1	1,5699087E-3	1,3653784E-4	1,1787802E-7	8,6238095E-5	1,4722028E-7	1,0595238E-4	1,6349603E-7
1,3736000E+2	8,9444498E-1	1,8082802E-3	1,3697998E-4	1,5918693E-7	8,5400000E-5	2,1106871E-7	1,0678571E-4	2,4992856E-7
1,3740000E+2	8,8430839E-1	1,8437086E-3	1,3791465E-4	1,7525403E-7	8,7109524E-5	2,4134050E-7	1,0710000E-4	2,1725561E-7
1,3744000E+2	8,8159786E-1	1,1279146E-3	1,3769587E-4	1,5829407E-7	8,6671429E-5	1,2925611E-7	1,0717619E-4	1,6924904E-7
1,3748000E+2	8,8961660E-1	1,7222268E-3	1,3906170E-4	1,2774716E-7	8,7585714E-5	1,8778787E-7	1,0759524E-4	1,9215569E-7
1,3752000E+2	8,9539291E-1	1,5446589E-3	1,3864607E-4	1,6283727E-7	8,6176190E-5	1,5048335E-7	1,0884762E-4	2,1778648E-7
1,3756000E+2	9,0055805E-1	1,4737900E-3	1,3897442E-4	2,2549216E-7	8,5985714E-5	2,2773732E-7	1,0916667E-4	2,0363366E-7
1,3760000E+2	9,0761474E-1	1,5861438E-3	1,3936650E-4	1,5049425E-7	8,5614286E-5	1,7836560E-7	1,0994286E-4	2,1018699E-7
1,3764000E+2	9,1265910E-1	2,1173831E-3	1,4019051E-4	1,7623831E-7	8,5700000E-5	2,1760055E-7	1,1094762E-4	2,5890336E-7
1,3768000E+2	9,2127609E-1	1,6495599E-3	1,4021190E-4	2,4978651E-7	8,4819048E-5	2,7291199E-7	1,1156190E-4	1,9293473E-7
1,3772000E+2	9,2643630E-1	2,2966332E-3	1,4092904E-4	2,5875407E-7	8,4690476E-5	2,4656690E-7	1,1267619E-4	3,1905366E-7
1,3776000E+2	9,0391469E-1	3,3052535E-3	1,4183452E-4	1,5711614E-7	8,7719048E-5	4,1149842E-7	1,1143810E-4	2,9372404E-7
1,3780000E+2	9,0408499E-1	1,6715688E-3	1,4212872E-4	1,3912091E-7	8,7880952E-5	1,5093360E-7	1,1171429E-4	1,5957533E-7
1,3784000E+2	9,0791553E-1	1,5770891E-3	1,4257399E-4	1,7022780E-7	8,7785714E-5	2,4882581E-7	1,1234762E-4	1,9191392E-7
1,3788000E+2	9,1593049E-1	1,6907858E-3	1,4274449E-4	2,1457677E-7	8,6961905E-5	1,9202554E-7	1,1318095E-4	3,0295371E-7
1,3792000E+2	9,2114601E-1	1,5649524E-3	1,4352986E-4	1,7064491E-7	8,6861905E-5	1,6785056E-7	1,1426190E-4	2,3510383E-7
1,3796000E+2	9,2740039E-1	1,8297159E-3	1,4346267E-4	1,6188797E-7	8,6038095E-5	2,2141321E-7	1,1478571E-4	2,0606864E-7
1,3800000E+2	9,2507904E-1	1,1946195E-3	1,4438517E-4	1,2893993E-7	8,6890476E-5	1,5344458E-7	1,1536190E-4	2,1754036E-7
1,3804000E+2	9,2891927E-1	1,1396695E-3	1,4450484E-4	2,1849358E-7	8,6528571E-5	2,4719859E-7	1,1572381E-4	2,4676961E-7
1,3808000E+2	9,3557995E-1	1,9690725E-3	1,4477032E-4	2,0319392E-7	8,5933333E-5	2,1579311E-7	1,1654286E-4	2,5490895E-7
1,3812000E+2	9,3937680E-1	1,8675781E-3	1,4553830E-4	1,8345215E-7	8,5904762E-5	2,7041414E-7	1,1748095E-4	1,4311168E-7
1,3816000E+2	9,5019823E-1	2,4607569E-3	1,4552939E-4	2,4200607E-7	8,4652381E-5	2,9568725E-7	1,1834762E-4	2,3933439E-7
1,3820000E+2	9,5444827E-1	1,3882431E-3	1,4594882E-4	1,9512703E-7	8,4400000E-5	1,9697716E-7	1,1907143E-4	1,6690459E-7
1,3824000E+2	9,5749192E-1	1,3913898E-3	1,4642568E-4	1,9299567E-7	8,4242857E-5	1,6696877E-7	1,1976190E-4	1,4221044E-7
1,3828000E+2	9,6627390E-1	1,6455210E-3	1,4697840E-4	1,8192756E-7	8,3585714E-5	1,5973192E-7	1,2090476E-4	2,1100666E-7
1,3832000E+2	9,6537114E-1	2,5708504E-3	1,4765334E-4	2,0423034E-7	8,4047619E-5	3,5844240E-7	1,2140952E-4	2,3652746E-7
1,3836000E+2	9,5672541E-1	1,7930122E-3	1,4816774E-4	1,4202332E-7	8,5371429E-5	2,0641498E-7	1,2109524E-4	2,1289389E-7
1,3840000E+2	9,6507359E-1	1,2395544E-3	1,4832986E-4	1,9245954E-7	8,4485714E-5	2,6002747E-7	1,2203333E-4	1,5973937E-7
1,3844000E+2	9,6866877E-1	1,5452593E-3	1,4873069E-4	1,5944070E-7	8,4280952E-5	1,8008596E-7	1,2254762E-4	2,2356420E-7
1,3848000E+2	9,7735287E-1	1,5723289E-3	1,4930858E-4	1,5848636E-7	8,4171429E-5	2,2662114E-7	1,2324762E-4	1,9008144E-7
1,3852000E+2	9,8131344E-1	1,5581644E-3	1,4944910E-4	1,2615286E-7	8,3052381E-5	1,6441093E-7	1,2436190E-4	1,5707899E-7
1,3856000E+2	9,8743955E-1	1,9715385E-3	1,4982508E-4	1,3305382E-7	8,2619048E-5	1,8981821E-7	1,2500476E-4	2,4803994E-7
1,3860000E+2	9,9680462E-1	1,5772452E-3	1,4996157E-4	1,8655645E-7	8,1423810E-5	3,1407839E-7	1,2596190E-4	1,3047532E-7
1,3864000E+2	9,9037491E-1	2,8689888E-3	1,5084706E-4	1,5313784E-7	8,2714286E-5	3,5236953E-7	1,2615714E-4	2,9168231E-7
1,3868000E+2	9,8238262E-1	1,7930558E-3	1,5142193E-4	1,6488159E-7	8,4047619E-5	2,2467967E-7	1,2596190E-4	1,7599378E-7
1,3872000E+2	9,9121023E-1	1,5098698E-3	1,5196220E-4	1,0176881E-7	8,3223810E-5	1,5602961E-7	1,2712857E-4	1,7002101E-7
1,3876000E+2	9,9748416E-1	1,1757452E-3	1,5206304E-4	1,2998548E-7	8,2490476E-5	1,8397075E-7	1,2768571E-4	1,6960037E-7
1,3880000E+2	1,0065929E+0	1,3172826E-3	1,5264511E-4	1,2110806E-7	8,1628571E-5	1,9610493E-7	1,2902381E-4	1,7817193E-7
1,3884000E+2	1,0122449E+0	1,4385989E-3	1,5305309E-4	1,6527510E-7	8,1033333E-5	1,9056932E-7	1,2987143E-4	2,0774297E-7
1,3888000E+2	1,0184426E+0	1,6123646E-3	1,5332792E-4	1,0558655E-7	8,0442857E-5	1,9346465E-7	1,3050952E-4	1,6490979E-7
1,3892000E+2	1,0226773E+0	1,0625602E-3	1,5353664E-4	1,5899540E-7	8,0057143E-5	2,0573909E-7	1,3100952E-4	1,9389492E-7
1,3896000E+2	1,0277522E+0	2,0419925E-3	1,5400911E-4	1,7424269E-7	7,9547619E-5	2,6463362E-7	1,3183810E-4	2,3542262E-7
1,3900000E+2	1,0145453E+0	1,2829603E-3	1,5477314E-4	1,5880453E-7	8,1623810E-5	2,2736587E-7	1,3151429E-4	1,3734732E-7
1,3904000E+2	1,0231819E+0	1,3771602E-3	1,5528572E-4	1,0722580E-7	8,0790476E-5	1,5586930E-7	1,3255714E-4	1,6606797E-7
1,3908000E+2	1,0286037E+0	1,1593971E-3	1,5578665E-4	1,2445203E-7	8,0433333E-5	1,1669047E-7	1,3344762E-4	1,5757840E-7
1,3912000E+2	1,0368498E+0	1,0481281E-3	1,5607923E-4	1,2597587E-7	7,9433333E-5	1,3862419E-7	1,3430952E-4	1,7845234E-7
1,3916000E+2	1,0405719E+0	1,0112914E-3	1,5620156E-4	2,5337199E-7	7,8990476E-5	2,1562754E-7	1,3473810E-4	2,2130027E-7
1,3920000E+2	1,0492541E+0	9,6897630E-4	1,5672269E-4	1,4163106E-7	7,8123810E-5	1,6701868E-7	1,3589524E-4	1,6438920E-7
1,3924000E+2	1,0546901E+0	1,2941125E-3	1,5726747E-4	1,3790593E-7	7,7657143E-5	2,1278762E-7	1,3671429E-4	2,0041029E-7
1,3928000E+2	1,0429471E+0	3,5087455E-3	1,5788234E-4	1,2462551E-7	7,9480952E-5	4,7961542E-7	1,3643810E-4	2,4894539E-7
1,3932000E+2	1,0346086E+0	1,2240085E-3	1,5850267E-4	1,3099738E-7	8,0971429E-5	1,8195368E-7	1,3626667E-4	1,8885621E-7
1,3936000E+2	1,0430678E+0	1,1143973E-3	1,5905512E-4	1,9459239E-7	8,0171429E-5	2,1425952E-7	1,3745714E-4	1,6485925E-7
1,3940000E+2	1,0479529E+0	1,2947302E-3	1,5975447E-4	2,3101682E-7	7,9695238E-5	1,6100872E-7	1,3848095E-4	2,6197510E-7
1,3944000E+2	1,0531593E+0	1,3965166E-3	1,6035823E-4	1,4470308E-7	7,9514286E-5	2,4446735E-7	1,3906667E-4	2,6956755E-7
1,3948000E+2	1,0611498E+0	1,1702923E-3	1,6008440E-4	1,4539609E-7	7,7909524E-5	1,8150823E-7	1,4007619E-4	1,4455185E-7
1,3952000E+2	1,0695114E+0	1,2503399E-3	1,6054015E-4	2,0375479E-7	7,7161905E-5	2,1053221E-7	1,4086667E-4	1,5942605E-7
1,3956000E+2	1,0796650E+0	1,9896638E-3	1,6124483E-4	2,4067584E-7	7,6257143E-5	2,7500649E-7	1,4194286E-4	1,8635603E-7
1,3960000E+2	1,0794142E+0	1,2615854E-3	1,6165779E-4	1,5446230E-7	7,6300000E-5	1,4543040E-7	1,4245714E-4	1,7558067E-7
1,3964000E+2	1,0897847E+0	1,1907556E-3	1,6145571E-4	1,7183497E-7	7,4790476E-5	1,7304692E-7	1,4304286E-4	1,5930653E-7
1,3968000E+2	1,0977750E+0	1,6792585E-3	1,6190065E-4	1,4575802E-7	7,3638095E-5	2,4864394E-7	1,4415714E-4	1,7241975E-7
1,3972000E+2	1,1032414E+0	1,5336104E-3	1,6209638E-4	1,9539273E-7	7,3123810E-5	2,5049000E-7	1,4465714E-4	1,7798475E-7
1,3976000E+2	1,1113519E+0	1,2738936E-3	1,6254905E-4	1,5063468E-7	7,2052381E-5	1,7315009E-7	1,4573333E-4	2,0054094E-7
1,3980000E+2	1,1146457E+0	1,6225367E-3	1,6314154E-4	1,6525638E-7	7,1838095E-5	2,4601587E-7	1,4650476E-4	1,9071919E-7
1,3984000E+2	1,1240789E+0	1,2814524E-3	1,6314598E-4	1,8163130E-7	7,0452381E-5	2,7300358E-7	1,4712381E-4	1,7347979E-7
1,3988000E+2	1,1298372E+0	1,1131745E-3	1,6368804E-4	2,0630817E-7	6,9795238E-5	1,8268500E-7	1,4806667E-4	2,1992423E-7
1,3992000E+2	1,0946033E+0	1,0906463E-3	1,6528586E-4	1,8220378E-7	7,5823810E-5	1,9234146E-7	1,4688571E-4	1,4633621E-7
1,3996000E+2	1,1001510E+0	1,1278662E-3	1,6566036E-4	1,5457464E-7	7,5104762E-5	2,0229634E-7	1,4773810E-4	1,8075898E-7
1,4000000E+2	1,1103563E+0	1,0983845E-3	1,6607872E-4	1,4430336E-7	7,3857143E-5	2,1732136E-7	1,4873333E-4	1,8087749E-7
1,4004000E+2	1,1162408E+0	1,1645332E-3	1,6649388E-4	1,2772017E-7	7,3028571E-5	1,4493841E-7	1,4962381E-4	1,7145040E-7
1,4008000E+2	1,1223623E+0	9,5078659E-4	1,6678241E-4	1,5237335E-7	7,2323810E-5	1,7261297E-7	1,5032381E-4	1,5377008E-7
1,4012000E+2	1,1301204E+0	1,0332431E-3	1,6685641E-4	1,1248333E-7	7,1185714E-5	1,4164846E-7	1,5091429E-4	1,2130246E-7
1,4016000E+2	1,1362558E+0	1,3147315E-3	1,6740823E-4	1,2508099E-7	7,0528571E-5	1,9263214E-7	1,5180952E-4	1,6091997E-7
1,4020000E+2	1,1468434E+0	8,7393109E-4	1,6771063E-4	2,4551874E-7	6,8947619E-5	2,6829266E-7	1,5290476E-4	1,4238613E-7
1,4024000E+2	1,1479521E+0	1,0944827E-3	1,6803431E-4	1,7655033E-7	6,8947619E-5	1,6349603E-7	1,5332381E-4	1,5873008E-7
1,4028000E+2	1,1587997E+0	1,7711796E-3	1,6878060E-4	3,0799275E-7	6,7519048E-5	3,2059469E-7	1,5467143E-4	3,3750132E-7
1,4032000E+2	1,1688307E+0	1,6264079E-3	1,6885881E-4	2,7493699E-7	6,6585714E-5	2,7223939E-7	1,5489524E-4	2,2432969E-7
1,4036000E+2	1,1748594E+0	1,6234694E-3	1,6940510E-4	2,2625759E-7	6,5371429E-5	2,5506302E-7	1,5634286E-4	2,6406168E-7
1,4040000E+2	1,1829257E+0	1,4546011E-3	1,6914993E-4	2,5969641E-7	6,4052381E-5	2,5422618E-7	1,5647143E-4	2,3099165E-7
1,4044000E+2	1,1877880E+0	1,8350410E-3	1,6975715E-4	2,1415996E-7	6,3461905E-5	2,7142920E-7	1,5738095E-4	2,5579475E-7
1,4048000E+2	1,1974607E+0	1,5078783E-3	1,7013771E-4	3,0325358E-7	6,2071429E-5	2,8312037E-7	1,5845714E-4	2,9270902E-7
1,4052000E+2	1,2032561E+0	1,9357111E-3	1,7010851E-4	2,9856120E-7	6,1128571E-5	3,0233614E-7	1,5875238E-4	3,5154083E-7
1,4056000E+2	1,1758816E+0	1,8809230E-3	1,7159807E-4	3,3058813E-7	6,5976190E-5	3,3696474E-7	1,5843810E-4	2,8839870E-7
1,4060000E+2	1,1876711E+0	1,5984771E-3	1,7177739E-4	2,6463077E-7	6,4238095E-5	2,8639799E-7	1,5934286E-4	2,5967012E-7
1,4064000E+2	1,1932406E+0	2,4615142E-3	1,7188677E-4	3,6706430E-7	6,3352381E-5	4,2317957E-7	1,5978095E-4	3,5962613E-7
1,4068000E+2	1,1982295E+0	2,2049735E-3	1,7235905E-4	4,2242727E-7	6,2747619E-5	3,5648415E-7	1,6048571E-4	4,4081094E-7
1,4072000E+2	1,2069497E+0	2,2142067E-3	1,7296479E-4	3,9067339E-7	6,1576190E-5	3,9597378E-7	1,6165238E-4	3,8468292E-7
1,4076000E+2	1,2188461E+0	2,8621409E-3	1,7353935E-4	5,2306639E-7	5,9880952E-5	5,5392324E-7	1,6287619E-4	4,6021217E-7
1,4080000E+2	1,2239978E+0	2,1953666E-3	1,7448486E-4	4,3244276E-7	5,9285714E-5	3,6043624E-7	1,6412381E-4	4,4949442E-7
1,4084000E+2	1,2227150E+0	2,7179342E-3	1,7436106E-4	3,9783899E-7	5,9466667E-5	4,9866488E-7	1,6396190E-4	3,6520379E-7
1,4088000E+2	1,2354911E+0	2,5563800E-3	1,7389940E-4	5,8889391E-7	5,7257143E-5	4,6688175E-7	1,6421905E-4	5,7674167E-7
1,4092000E+2	1,2497972E+0	2,4966316E-3	1,7465848E-4	4,4648787E-7	5,5066667E-5	4,0511315E-7	1,6574762E-4	4,6757989E-7
1,4096000E+2	1,2516596E+0	2,9870837E-3	1,7435026E-4	5,0194193E-7	5,4719048E-5	5,2180547E-7	1,6558571E-4	5,0146215E-7
1,4100000E+2	1,2622252E+0	2,4777172E-3	1,7454541E-4	4,6199245E-7	5,3095238E-5	4,2863015E-7	1,6629048E-4	4,5573593E-7
1,4104000E+2	1,2567947E+0	2,2625636E-3	1,7676108E-4	2,8168901E-7	5,4680952E-5	3,7514124E-7	1,6810476E-4	2,9937236E-7
1,4108000E+2	1,2712794E+0	2,1208810E-3	1,7703786E-4	4,1585531E-7	5,2276190E-5	3,8176595E-7	1,6909524E-4	4,1698179E-7
1,4112000E+2	1,2847819E+0	2,2419695E-3	1,7671952E-4	3,8547375E-7	4,9814286E-5	3,9606096E-7	1,6957619E-4	4,0049374E-7
1,4116000E+2	1,2616994E+0	5,4530184E-3	1,7561941E-4	5,3348411E-7	5,3409524E-5	1,0297307E-6	1,6722857E-4	3,6422128E-7
1,4120000E+2	1,2574975E+0	1,2667554E-3	1,7736465E-4	3,4523541E-7	5,4752381E-5	2,0876051E-7	1,6862857E-4	3,5093752E-7
1,4124000E+2	1,2634032E+0	2,4524801E-3	1,7821232E-4	3,7542819E-7	5,4095238E-5	4,6370660E-7	1,6959048E-4	3,4087423E-7
1,4128000E+2	1,2734145E+0	2,6465674E-3	1,7832395E-4	4,3527387E-7	5,2280952E-5	4,6052248E-7	1,7085238E-4	4,5014548E-7
1,4132000E+2	1,2846498E+0	1,9011702E-3	1,7883485E-4	3,6409613E-7	5,0714286E-5	3,4418641E-7	1,7148571E-4	3,7190629E-7
1,4136000E+2	1,2875308E+0	2,2537387E-3	1,7859265E-4	3,9983972E-7	4,9833333E-5	4,1852917E-7	1,7156667E-4	3,7956115E-7
1,4140000E+2	1,2952375E+0	2,3550080E-3	1,7949591E-4	3,7136874E-7	4,8880952E-5	3,9202162E-7	1,7266667E-4	3,7305049E-7
1,4144000E+2	1,3026379E+0	1,6706649E-3	1,7896334E-4	3,4244867E-7	4,7423810E-5	3,1224227E-7	1,7256190E-4	3,6162662E-7
1,4148000E+2	1,3144279E+0	2,8336852E-3	1,7922093E-4	4,1042031E-7	4,5366667E-5	4,4409083E-7	1,7342381E-4	4,7528438E-7
1,4152000E+2	1,3179795E+0	2,3510950E-3	1,7921065E-4	3,6237112E-7	4,4876190E-5	4,2894666E-7	1,7349048E-4	3,7147710E-7
1,4156000E+2	1,3266251E+0	1,8920098E-3	1,7969390E-4	2,8427382E-7	4,3447619E-5	3,8213996E-7	1,7434286E-4	2,6235200E-7
1,4160000E+2	1,3311615E+0	2,0353916E-3	1,8112959E-4	3,8156909E-7	4,3028571E-5	3,7243408E-7	1,7589524E-4	3,9060698E-7
1,4164000E+2	1,3469214E+0	2,1886719E-3	1,8046376E-4	3,0091663E-7	4,0076190E-5	3,7808099E-7	1,7598095E-4	3,3560535E-7
1,4168000E+2	1,3558506E+0	1,8131597E-3	1,8013149E-4	2,6895982E-7	3,8419048E-5	3,1397604E-7	1,7594762E-4	2,5294456E-7
1,4172000E+2	1,3598274E+0	2,1102548E-3	1,8099658E-4	4,2156449E-7	3,7876190E-5	4,0304496E-7	1,7700000E-4	4,3110324E-7
1,4176000E+2	1,3689593E+0	1,2688586E-3	1,8048556E-4	2,7037185E-7	3,6190476E-5	2,2714585E-7	1,7685238E-4	2,8421990E-7
1,4180000E+2	1,3732961E+0	1,5835634E-3	1,8144537E-4	3,8011798E-7	3,5595238E-5	2,8848537E-7	1,7791905E-4	3,7554088E-7
1,4184000E+2	1,3530286E+0	1,3983226E-3	1,8222558E-4	2,7947728E-7	3,9361905E-5	2,0005951E-7	1,7792857E-4	2,6787524E-7
1,4188000E+2	1,3613743E+0	1,4552516E-3	1,8281207E-4	2,3276033E-7	3,8033333E-5	2,6648952E-7	1,7875714E-4	2,4089120E-7
1,4192000E+2	1,3676201E+0	9,9728573E-4	1,8336309E-4	2,6135331E-7	3,6980952E-5	1,6831801E-7	1,7961905E-4	3,2199527E-7
1,4196000E+2	1,3754156E+0	1,4315382E-3	1,8313066E-4	1,9780727E-7	3,5595238E-5	2,6603347E-7	1,7962381E-4	2,0843521E-7
1,4200000E+2	1,3853286E+0	1,3428594E-3	1,8337171E-4	2,1744910E-7	3,3838095E-5	2,4591423E-7	1,8019048E-4	2,0577959E-7
1,4204000E+2	1,3916651E+0	1,2362535E-3	1,8337008E-4	2,1225557E-7	3,2690476E-5	2,0529305E-7	1,8042381E-4	2,2824381E-7
1,4208000E+2	1,3986213E+0	1,2796437E-3	1,8355965E-4	1,9286921E-7	3,1395238E-5	2,1834333E-7	1,8084286E-4	2,3362057E-7
1,4212000E+2	1,4098157E+0	1,2740963E-3	1,8373049E-4	2,1749967E-7	2,9409524E-5	2,1907816E-7	1,8135238E-4	2,1628905E-7
1,4216000E+2	1,4184913E+0	9,7363529E-4	1,8386813E-4	1,9746616E-7	2,7909524E-5	1,9453853E-7	1,8168095E-4	1,8188170E-7
1,4220000E+2	1,4252441E+0	1,1092429E-3	1,8439461E-4	1,9770049E-7	2,6819048E-5	2,1384797E-7	1,8250476E-4	2,1994047E-7
1,4224000E+2	1,4342413E+0	8,6675051E-4	1,8466792E-4	1,8669452E-7	2,5114286E-5	1,7934404E-7	1,8301429E-4	1,6466416E-7
1,4228000E+2	1,4412711E+0	1,3368641E-3	1,8408790E-4	2,1638138E-7	2,3828571E-5	2,3496200E-7	1,8240000E-4	2,2505555E-7
1,4232000E+2	1,4482048E+0	1,1605651E-3	1,8475536E-4	1,8523266E-7	2,2495238E-5	1,5897739E-7	1,8333810E-4	1,7698534E-7
1,4236000E+2	1,4579139E+0	1,0376877E-3	1,8469172E-4	1,6416750E-7	2,0447619E-5	1,8256767E-7	1,8401429E-4	1,4735768E-7
1,4240000E+2	1,4688432E+0	9,8826913E-4	1,8559892E-4	1,9696411E-7	1,9323810E-5	1,8800329E-7	1,8402857E-4	1,8736900E-7
1,4244000E+2	1,4747610E+0	8,9506935E-4	1,8468579E-4	1,8614168E-7	1,7566667E-5	1,8991226E-7	1,8380952E-4	1,6014131E-7
1,4248000E+2	1,4647509E+0	1,8705293E-3	1,8527543E-4	1,7450474E-7	1,9485714E-5	3,1978788E-7	1,8439524E-4	1,5991813E-7
1,4252000E+2	1,4711064E+0	1,1140404E-3	1,8602582E-4	1,8272027E-7	1,8495238E-5	2,2610575E-7	1,8512381E-4	1,7956959E-7
1,4256000E+2	1,4778981E+0	1,1967006E-3	1,8624366E-4	1,6077672E-7	1,7295238E-5	2,4479340E-7	1,8543810E-4	1,9741786E-7
1,4260000E+2	1,4884385E+0	1,1912247E-3	1,8570333E-4	1,5847046E-7	1,5266667E-5	1,7397318E-7	1,8505238E-4	1,6134111E-7
1,4264000E+2	1,4943188E+0	7,9555194E-4	1,8611651E-4	1,5508153E-7	1,4166667E-5	1,3329166E-7	1,8560952E-4	1,5311838E-7
1,4268000E+2	1,5032664E+0	1,2561091E-3	1,8602678E-4	1,6193573E-7	1,2576190E-5	2,1701437E-7	1,8554286E-4	1,3277263E-7
1,4272000E+2	1,5125587E+0	1,1073298E-3	1,8637527E-4	1,8127701E-7	1,0833333E-5	2,1169947E-7	1,8603810E-4	1,5451152E-7
1,4276000E+2	1,5209492E+0	1,3013352E-3	1,8646317E-4	1,2852976E-7	9,3000000E-6	2,3043437E-7	1,8622381E-4	1,2407755E-7
1,4280000E+2	1,4881723E+0	9,7475712E-4	1,8774699E-4	1,8238439E-7	1,5480952E-5	1,8022473E-7	1,8711905E-4	1,8676443E-7
1,4284000E+2	1,4951474E+0	9,7416257E-4	1,8789144E-4	1,5498902E-7	1,4209524E-5	1,9556390E-7	1,8740476E-4	1,3792683E-7
1,4288000E+2	1,5048954E+0	9,4112830E-4	1,8795711E-4	1,7448753E-7	1,2385714E-5	1,7092187E-7	1,8756190E-4	1,4974582E-7
1,4292000E+2	1,5128203E+0	1,3045321E-3	1,8804751E-4	1,4770964E-7	1,0904762E-5	2,6367368E-7	1,8774762E-4	1,6056448E-7
1,4296000E+2	1,5210531E+0	1,2269296E-3	1,8850246E-4	2,2371230E-7	9,3761905E-6	1,8329004E-7	1,8828095E-4	2,0995464E-7
1,4300000E+2	1,5285774E+0	1,0294782E-3	1,8816486E-4	1,9193075E-7	7,9523810E-6	2,3223039E-7	1,8797619E-4	2,0735293E-7
1,4304000E+2	1,5364878E+0	1,3478811E-3	1,8830942E-4	2,0208470E-7	6,4761905E-6	2,7439978E-7	1,8818095E-4	1,7980810E-7
1,4308000E+2	1,5438716E+0	1,3231905E-3	1,8823801E-4	1,6869213E-7	5,0333333E-6	2,2083176E-7	1,8819048E-4	1,5650955E-7
1,4312000E+2	1,5526313E+0	1,2036701E-3	1,8818605E-4	2,3580396E-7	3,3952381E-6	1,9943372E-7	1,8815238E-4	2,0562333E-7
1,4316000E+2	1,5635603E+0	1,2547846E-3	1,8823156E-4	1,8642766E-7	1,3142857E-6	2,2894166E-7	1,8828571E-4	1,9303960E-7
1,4320000E+2	1,5712225E+0	1,1082981E-3	1,8793079E-4	2,0805267E-7	-4,7619048E-8	1,9230432E-7	1,8787619E-4	1,9376594E-7
1,4324000E+2	1,5796861E+0	1,1698372E-3	1,8811940E-4	1,5461813E-7	-1,7238095E-6	2,2559973E-7	1,8816667E-4	1,4200939E-7
1,4328000E+2	1,5875817E+0	8,5603554E-4	1,8805639E-4	1,8777528E-7	-3,2142857E-6	1,7367869E-7	1,8798095E-4	2,0032711E-7
1,4332000E+2	1,5970900E+0	1,4959451E-3	1,8865012E-4	3,7199018E-7	-5,3476190E-6	2,7646148E-7	1,8889048E-4	3,6884311E-7
1,4336000E+2	1,6048512E+0	1,7710668E-3	1,8806710E-4	3,5059429E-7	-6,1095238E-6	3,4006652E-7	1,8773810E-4	3,4514317E-7
1,4340000E+2	1,6143707E+0	1,7230180E-3	1,8859382E-4	3,7276289E-7	-8,2571429E-6	3,2592725E-7	1,8844286E-4	3,8363859E-7
1,4344000E+2	1,6145637E+0	3,5385168E-3	1,8831213E-4	3,2113076E-7	-8,2571429E-6	6,5922574E-7	1,8808095E-4	3,3930952E-7
1,4348000E+2	1,5966869E+0	2,2215691E-3	1,8948188E-4	4,4208474E-7	-4,9047619E-6	4,2927125E-7	1,8939048E-4	4,5513211E-7
1,4352000E+2	1,6111885E+0	2,1442527E-3	1,8902437E-4	2,7127039E-7	-7,6047619E-6	3,9915387E-7	1,8885238E-4	2,6670387E-7
1,4356000E+2	1,6146558E+0	1,2303247E-3	1,8887006E-4	1,6417185E-7	-8,2809524E-6	2,0330015E-7	1,8871429E-4	1,7223323E-7
1,4360000E+2	1,6234547E+0	1,3294255E-3	1,8916067E-4	2,1466856E-7	-9,9333333E-6	2,5331140E-7	1,8889048E-4	2,0321230E-7
1,4364000E+2	1,6345280E+0	1,1979680E-3	1,8878587E-4	2,1014036E-7	-1,2019048E-5	2,0428155E-7	1,8841905E-4	2,0743903E-7
1,4368000E+2	1,6428626E+0	9,9647492E-4	1,8888727E-4	2,1244225E-7	-1,3604762E-5	1,9071919E-7	1,8838095E-4	2,0268437E-7
1,4372000E+2	1,6501781E+0	1,2495289E-3	1,8885945E-4	1,6324922E-7	-1,5009524E-5	2,4524526E-7	1,8824286E-4	1,6546471E-7
1,4376000E+2	1,6377046E+0	1,3285743E-3	1,8918833E-4	2,9054649E-7	-1,2633333E-5	2,5063253E-7	1,8876190E-4	3,1188749E-7
1,4380000E+2	1,6459508E+0	1,2729825E-3	1,8886937E-4	2,2228047E-7	-1,4228571E-5	2,3174802E-7	1,8834286E-4	2,2556279E-7
1,4384000E+2	1,6552562E+0	1,5205026E-3	1,8871490E-4	2,8784086E-7	-1,5966667E-5	2,9844039E-7	1,8804286E-4	2,8474299E-7
1,4388000E+2	1,6656892E+0	1,1062554E-3	1,8926802E-4	1,8472191E-7	-1,7919048E-5	2,0305406E-7	1,8844762E-4	1,9932625E-7
1,4392000E+2	1,6711818E+0	1,5181849E-3	1,8844811E-4	2,6927531E-7	-1,8800000E-5	2,8930952E-7	1,8753333E-4	2,8873286E-7
1,4396000E+2	1,6805979E+0	1,1126760E-3	1,8907895E-4	1,9732659E-7	-2,0790476E-5	1,9103727E-7	1,8798571E-4	2,0301302E-7
1,4400000E+2	1,6888495E+0	1,0384118E-3	1,8881136E-4	1,9056085E-7	-2,2204762E-5	1,9918285E-7	1,8745714E-4	1,9333539E-7
1,4404000E+2	1,7004333E+0	1,3408255E-3	1,8848490E-4	1,8992024E-7	-2,4400000E-5	2,1552262E-7	1,8692857E-4	1,8015866E-7
1,4408000E+2	1,7039372E+0	1,8311223E-3	1,8844982E-4	1,6828819E-7	-2,4971429E-5	3,0766401E-7	1,8673810E-4	2,0438642E-7
1,4412000E+2	1,6936205E+0	1,0395898E-3	1,8869502E-4	2,9265674E-7	-2,3180952E-5	2,2176779E-7	1,8729524E-4	2,5568303E-7
1,4416000E+2	1,7018438E+0	1,0083214E-3	1,8910882E-4	3,0562228E-7	-2,4661905E-5	2,0754231E-7	1,8746190E-4	3,4860265E-7
1,4420000E+2	1,7108917E+0	1,5195338E-3	1,8871980E-4	1,6972821E-7	-2,6333333E-5	2,9977770E-7	1,8681429E-4	1,8320558E-7
1,4424000E+2	1,7214810E+0	1,6981766E-3	1,8813248E-4	1,9539790E-7	-2,8314286E-5	3,1123028E-7	1,8597143E-4	1,8181623E-7
1,4428000E+2	1,7290191E+0	1,1344723E-3	1,8798375E-4	2,3271564E-7	-2,9990476E-5	2,1282678E-7	1,8590476E-4	2,2753859E-7
1,4432000E+2	1,7356560E+0	1,4685187E-3	1,8778821E-4	2,7292410E-7	-3,1152381E-5	2,9057005E-7	1,8550000E-4	2,5855367E-7
1,4436000E+2	1,7503560E+0	1,6836571E-3	1,8790677E-4	1,9639246E-7	-3,3609524E-5	2,9689264E-7	1,8495714E-4	1,9654153E-7
1,4440000E+2	1,7543649E+0	1,6201369E-3	1,8762358E-4	2,6599408E-7	-3,4295238E-5	2,6281897E-7	1,8448095E-4	2,7960857E-7
1,4444000E+2	1,7527149E+0	1,2291916E-3	1,8743373E-4	3,7256975E-7	-3,3857143E-5	2,2119804E-7	1,8433810E-4	3,6044945E-7
1,4448000E+2	1,7603766E+0	1,2963334E-3	1,8708856E-4	2,6456492E-7	-3,5266667E-5	2,3762716E-7	1,8378571E-4	2,5002857E-7
1,4452000E+2	1,7678570E+0	1,1322746E-3	1,8721102E-4	2,1414449E-7	-3,6657143E-5	2,1801048E-7	1,8357619E-4	2,1022664E-7
1,4456000E+2	1,7755858E+0	1,4183555E-3	1,8711844E-4	2,5653943E-7	-3,8057143E-5	2,4130597E-7	1,8318095E-4	2,5948208E-7
1,4460000E+2	1,7852285E+0	1,4534904E-3	1,8654290E-4	3,1187314E-7	-3,9714286E-5	2,8794841E-7	1,8229524E-4	3,0598008E-7
1,4464000E+2	1,7954938E+0	1,7802690E-3	1,8626858E-4	2,9298095E-7	-4,1500000E-5	3,1080541E-7	1,8160952E-4	2,7137656E-7
1,4468000E+2	1,8021150E+0	1,5689587E-3	1,8648548E-4	2,9480501E-7	-4,2761905E-5	2,9912173E-7	1,8150952E-4	2,8852251E-7
1,4472000E+2	1,8107993E+0	1,6056117E-3	1,8620840E-4	2,5198002E-7	-4,4266667E-5	3,1593776E-7	1,8087143E-4	2,5200624E-7
1,4476000E+2	1,8163699E+0	2,1964556E-3	1,8578623E-4	4,0630647E-7	-4,5152381E-5	3,9627131E-7	1,8025238E-4	4,1687043E-7
1,4480000E+2	1,8135229E+0	1,9970119E-3	1,8653248E-4	3,7043493E-7	-4,4838095E-5	3,8752266E-7	1,8104762E-4	3,5218028E-7
1,4484000E+2	1,8154216E+0	2,0897869E-3	1,8606145E-4	3,0404163E-7	-4,5076190E-5	3,7174620E-7	1,8052857E-4	3,0968878E-7
1,4488000E+2	1,8198540E+0	1,6172487E-3	1,8561753E-4	2,5860270E-7	-4,5800000E-5	3,1432467E-7	1,7986190E-4	2,6310418E-7
1,4492000E+2	1,8305887E+0	1,8309779E-3	1,8602463E-4	2,8141904E-7	-4,7819048E-5	3,4180543E-7	1,7975714E-4	2,7217379E-7
1,4496000E+2	1,8403018E+0	1,5852808E-3	1,8555041E-4	3,1295602E-7	-4,9442857E-5	3,1452913E-7	1,7889048E-4	2,9418572E-7
1,4500000E+2	1,8461407E+0	1,5176390E-3	1,8469464E-4	3,2093265E-7	-5,0247619E-5	2,7336963E-7	1,7770000E-4	3,0757113E-7
1,4504000E+2	1,8576104E+0	1,5132475E-3	1,8452715E-4	1,9311680E-7	-5,2223810E-5	2,6314490E-7	1,7703333E-4	2,0190757E-7
1,4508000E+2	1,8584669E+0	1,5049433E-3	1,8463317E-4	2,2464518E-7	-5,2380952E-5	2,8272063E-7	1,7702857E-4	2,6010987E-7
1,4512000E+2	1,8519091E+0	1,4551900E-3	1,8440381E-4	2,4078437E-7	-5,1171429E-5	2,8028047E-7	1,7716190E-4	2,5587851E-7
1,4516000E+2	1,8591956E+0	1,4795100E-3	1,8446426E-4	2,9780513E-7	-5,2433333E-5	2,8533606E-7	1,7682857E-4	2,8188143E-7
1,4520000E+2	1,8661499E+0	1,8067338E-3	1,8355261E-4	2,3286636E-7	-5,3561905E-5	2,9920530E-7	1,7560476E-4	2,4335942E-7
1,4524000E+2	1,8748420E+0	1,3752280E-3	1,8324540E-4	2,0992765E-7	-5,5028571E-5	2,1108563E-7	1,7491429E-4	2,6947038E-7
1,4528000E+2	1,8843943E+0	1,7051467E-3	1,8360553E-4	3,5032654E-7	-5,6719048E-5	2,6912999E-7	1,7487143E-4	3,9838065E-7
1,4532000E+2	1,8879643E+0	2,3724727E-3	1,8377476E-4	2,9585207E-7	-5,7257143E-5	3,8668924E-7	1,7459048E-4	3,2771213E-7
1,4536000E+2	1,8818517E+0	1,4262221E-3	1,8310988E-4	2,6293943E-7	-5,5971429E-5	2,7965540E-7	1,7430476E-4	2,7408723E-7
1,4540000E+2	1,8896761E+0	1,4371526E-3	1,8294061E-4	1,8488900E-7	-5,7395238E-5	2,4305104E-7	1,7377143E-4	1,8015866E-7
1,4544000E+2	1,8968614E+0	1,2896931E-3	1,8274508E-4	2,2889466E-7	-5,8561905E-5	1,6635447E-7	1,7313810E-4	2,6062197E-7
1,4548000E+2	1,9072013E+0	1,4898871E-3	1,8243865E-4	2,1095174E-7	-6,0261905E-5	2,4202027E-7	1,7222857E-4	2,2306309E-7
1,4552000E+2	1,9156318E+0	1,8004070E-3	1,8156574E-4	2,8685346E-7	-6,1376190E-5	3,3082509E-7	1,7090952E-4	2,7385258E-7
1,4556000E+2	1,9226618E+0	1,8454418E-3	1,8171438E-4	2,1103689E-7	-6,2609524E-5	3,0910393E-7	1,7056190E-4	2,2084793E-7
1,4560000E+2	1,9296358E+0	1,5100443E-3	1,8126835E-4	2,6687563E-7	-6,3652381E-5	2,7245358E-7	1,6976190E-4	2,6753282E-7
1,4564000E+2	1,9354781E+0	1,6463453E-3	1,8011630E-4	2,2626655E-7	-6,4214286E-5	3,1656640E-7	1,6827143E-4	2,2395790E-7
1,4568000E+2	1,9459934E+0	1,1079871E-3	1,7989300E-4	2,4658683E-7	-6,5942857E-5	2,1430952E-7	1,6742857E-4	2,0810368E-7
1,4572000E+2	1,9529151E+0	1,3580843E-3	1,7937800E-4	2,5262649E-7	-6,6876190E-5	2,3905070E-7	1,6644286E-4	2,6453463E-7
1,4576000E+2	1,9640738E+0	1,4920569E-3	1,7899778E-4	2,3339093E-7	-6,8638095E-5	2,6799964E-7	1,6537619E-4	2,1839239E-7
1,4580000E+2	1,9474940E+0	1,3054479E-3	1,7949821E-4	2,0857764E-7	-6,6023810E-5	2,2571052E-7	1,6688571E-4	1,7062909E-7
1,4584000E+2	1,9589631E+0	1,2332534E-3	1,7900579E-4	2,1694443E-7	-6,7752381E-5	2,3797259E-7	1,6573333E-4	2,0116328E-7
1,4588000E+2	1,9659171E+0	1,2043182E-3	1,7864277E-4	1,2860148E-7	-6,8747619E-5	1,8915854E-7	1,6484286E-4	1,7614929E-7
1,4592000E+2	1,9440410E+0	1,2352860E-3	1,7887082E-4	1,8437513E-7	-6,5214286E-5	2,5261490E-7	1,6658095E-4	1,7343861E-7
1,4596000E+2	1,9500298E+0	1,2149049E-3	1,7892011E-4	2,1410619E-7	-6,6214286E-5	2,2784707E-7	1,6617619E-4	2,1164886E-7
1,4600000E+2	1,9588259E+0	1,0890671E-3	1,7836213E-4	2,0217656E-7	-6,7466667E-5	1,8938497E-7	1,6515714E-4	1,5757085E-7
1,4604000E+2	1,9663438E+0	9,8736425E-4	1,7769328E-4	2,1593273E-7	-6,8490476E-5	1,8800329E-7	1,6394286E-4	2,1628354E-7
1,4608000E+2	1,9731360E+0	9,4087810E-4	1,7744208E-4	1,4059721E-7	-6,9490476E-5	1,8946039E-7	1,6325714E-4	1,4432107E-7
1,4612000E+2	1,9827915E+0	1,2957863E-3	1,7710342E-4	1,7465234E-7	-7,0880952E-5	2,0635153E-7	1,6225714E-4	1,7285419E-7
1,4616000E+2	1,9898372E+0	1,4711373E-3	1,7645586E-4	1,5999053E-7	-7,1804762E-5	2,2621629E-7	1,6113333E-4	2,2730303E-7
1,4620000E+2	1,9982150E+0	1,2712876E-3	1,7625445E-4	1,8323152E-7	-7,2976190E-5	2,2977214E-7	1,6037143E-4	1,6839579E-7
1,4624000E+2	2,0054020E+0	1,1993880E-3	1,7536071E-4	1,6972219E-7	-7,3985714E-5	1,7625063E-7	1,5927619E-4	2,0468326E-7
1,4628000E+2	2,0116495E+0	1,1899945E-3	1,7523846E-4	2,0457579E-7	-7,4680952E-5	2,1349696E-7	1,5846667E-4	1,4938764E-7
1,4632000E+2	2,0211248E+0	1,4421448E-3	1,7496042E-4	1,7135443E-7	-7,6190476E-5	2,5366363E-7	1,5757619E-4	1,9607457E-7
1,4636000E+2	2,0290837E+0	1,0039405E-3	1,7429610E-4	1,8548093E-7	-7,7128571E-5	1,7679690E-7	1,5628571E-4	1,8990599E-7
1,4640000E+2	2,0180064E+0	1,3791992E-3	1,7398423E-4	1,9310669E-7	-7,5228571E-5	2,0989793E-7	1,5690000E-4	2,0211383E-7
1,4644000E+2	2,0223255E+0	1,0842507E-3	1,7402340E-4	1,1445825E-7	-7,5980952E-5	1,9269393E-7	1,5656190E-4	1,4238613E-7
1,4648000E+2	2,0329821E+0	1,1523211E-3	1,7336792E-4	1,5087211E-7	-7,7276190E-5	1,9848234E-7	1,5517143E-4	1,6645463E-7
1,4652000E+2	2,0384544E+0	9,3495900E-4	1,7302764E-4	1,5147401E-7	-7,7961905E-5	1,8144919E-7	1,5442857E-4	1,3822859E-7
1,4656000E+2	2,0487196E+0	1,1029766E-3	1,7242039E-4	1,6398451E-7	-7,9319048E-5	1,4363479E-7	1,5312857E-4	1,7946349E-7
1,4660000E+2	2,0538327E+0	1,3492786E-3	1,7228499E-4	1,7322773E-7	-7,9995238E-5	1,9601992E-7	1,5255714E-4	2,0007142E-7
1,4664000E+2	2,0629010E+0	1,0084732E-3	1,7154771E-4	7,3271985E-8	-8,1042857E-5	1,3030185E-7	1,5119048E-4	1,4122761E-7
1,4668000E+2	2,0683899E+0	1,1290496E-3	1,7137934E-4	1,0559957E-7	-8,1766667E-5	1,7668239E-7	1,5059048E-4	1,3036579E-7
1,4672000E+2	2,0781511E+0	9,5669974E-4	1,7035670E-4	2,1650845E-7	-8,2771429E-5	1,9750226E-7	1,4896190E-4	1,6799943E-7
1,4676000E+2	2,0852018E+0	9,9416886E-4	1,7010651E-4	1,6167208E-7	-8,3685714E-5	2,0485186E-7	1,4809048E-4	1,4506977E-7
1,4680000E+2	2,0915731E+0	8,8917615E-4	1,6973595E-4	1,4340124E-7	-8,4433333E-5	1,4200939E-7	1,4720476E-4	1,4395767E-7
1,4684000E+2	2,0822181E+0	1,6401620E-3	1,6966826E-4	2,2234491E-7	-8,3057143E-5	2,2085871E-7	1,4800476E-4	2,7717108E-7
1,4688000E+2	2,0887167E+0	9,3378322E-4	1,6948082E-4	1,5817216E-7	-8,3947619E-5	1,7799144E-7	1,4727619E-4	1,4316158E-7
1,4692000E+2	2,0918868E+0	9,0564997E-4	1,6905212E-4	1,4687652E-7	-8,4171429E-5	1,4699368E-7	1,4664286E-4	1,7429450E-7
1,4696000E+2	2,0992297E+0	8,3471970E-4	1,6791357E-4	1,6879227E-7	-8,4633333E-5	1,3441230E-7	1,4504286E-4	1,8500965E-7
1,4700000E+2	2,1092737E+0	1,0100585E-3	1,6792111E-4	1,2609269E-7	-8,6071429E-5	1,7722061E-7	1,4418571E-4	1,6797109E-7
1,4704000E+2	2,1159981E+0	1,1030688E-3	1,6761678E-4	1,5222221E-7	-8,6933333E-5	1,9574643E-7	1,4325238E-4	1,6652613E-7
1,4708000E+2	2,1232305E+0	1,0632970E-3	1,6697180E-4	1,5877969E-7	-8,7623810E-5	1,4780135E-7	1,4214762E-4	1,8515116E-7
1,4712000E+2	2,1303981E+0	9,8781632E-4	1,6654345E-4	2,5975424E-7	-8,8514286E-5	2,1671245E-7	1,4118571E-4	2,1027193E-7
1,4716000E+2	2,1274353E+0	2,0487663E-3	1,6629388E-4	1,9253056E-7	-8,7723810E-5	2,5346644E-7	1,4111905E-4	3,1619765E-7
1,4720000E+2	2,1239301E+0	1,0146103E-3	1,6593012E-4	1,2843726E-7	-8,7357143E-5	1,4926008E-7	1,4141429E-4	1,2435548E-7
1,4724000E+2	2,1321719E+0	9,4650044E-4	1,6516385E-4	1,1961798E-7	-8,8009524E-5	1,2245505E-7	1,3985714E-4	1,4604305E-7
1,4728000E+2	2,1391518E+0	6,8188384E-4	1,6487359E-4	1,1474443E-7	-8,8790476E-5	1,1681283E-7	1,3898095E-4	9,8391831E-8
1,4732000E+2	2,1451217E+0	8,3679665E-4	1,6425394E-4	1,0856867E-7	-8,9257143E-5	1,3611970E-7	1,3795238E-4	1,3758980E-7
1,4736000E+2	2,1533688E+0	7,6170432E-4	1,6371516E-4	1,5737088E-7	-9,0057143E-5	1,3049357E-7	1,3670476E-4	1,4755951E-7
1,4740000E+2	2,1602376E+0	1,1900129E-3	1,6354780E-4	1,7033001E-7	-9,0928571E-5	1,6539995E-7	1,3596667E-4	1,7224014E-7
1,4744000E+2	2,1486170E+0	1,1032784E-3	1,6320711E-4	1,2170385E-7	-8,9204762E-5	1,5739698E-7	1,3670476E-4	1,3028357E-7
1,4748000E+2	2,1543449E+0	7,4026635E-4	1,6280962E-4	1,6769113E-7	-8,9695238E-5	9,6818436E-8	1,3590000E-4	1,6062378E-7
1,4752000E+2	2,1628873E+0	1,1569177E-3	1,6239851E-4	1,5733153E-7	-9,0633333E-5	1,6557979E-7	1,3476190E-4	1,3028357E-7
1,4756000E+2	2,1686831E+0	4,9633126E-4	1,6180773E-4	1,4812001E-7	-9,1085714E-5	1,0471049E-7	1,3376190E-4	1,3683497E-7
1,4760000E+2	2,1727992E+0	1,2880235E-3	1,6152066E-4	1,0474320E-7	-9,1452381E-5	1,7023793E-7	1,3308571E-4	1,4854052E-7
1,4764000E+2	2,1841363E+0	9,7090368E-4	1,6069550E-4	1,2173255E-7	-9,2480952E-5	1,6395412E-7	1,3141429E-4	1,3101254E-7
1,4768000E+2	2,1897188E+0	8,3979757E-4	1,6036760E-4	1,4326859E-7	-9,3052381E-5	1,5598382E-7	1,3060000E-4	1,1379807E-7
1,4772000E+2	2,1941826E+0	1,2138793E-3	1,5986125E-4	1,8411868E-7	-9,3285714E-5	1,7653409E-7	1,2974762E-4	1,7315009E-7
1,4776000E+2	2,2027541E+0	1,1074827E-3	1,5935343E-4	1,4226591E-7	-9,4190476E-5	1,6200382E-7	1,2855238E-4	1,4064477E-7
1,4780000E+2	2,2101245E+0	1,0630607E-3	1,5860785E-4	1,2731443E-7	-9,4628571E-5	1,6372887E-7	1,2724762E-4	1,5109915E-7
1,4784000E+2	2,2156773E+0	9,5881702E-4	1,5839201E-4	1,7595601E-7	-9,5176190E-5	1,4746267E-7	1,2658571E-4	1,3514542E-7
1,4788000E+2	2,2031645E+0	1,2024958E-3	1,5814435E-4	1,9438757E-7	-9,3490476E-5	2,1609081E-7	1,2754762E-4	1,7170018E-7
1,4792000E+2	2,2100383E+0	9,9174467E-4	1,5775529E-4	1,5113106E-7	-9,4071429E-5	1,7293682E-7	1,2659524E-4	1,3591839E-7
1,4796000E+2	2,2155397E+0	1,3354865E-3	1,5729804E-4	1,8080732E-7	-9,4447619E-5	2,1137869E-7	1,2581905E-4	1,5994047E-7
1,4800000E+2	2,2221228E+0	1,1512754E-3	1,5672295E-4	1,3629139E-7	-9,4914286E-5	1,3215251E-7	1,2468095E-4	1,8622823E-7
1,4804000E+2	2,2294241E+0	1,3667233E-3	1,5677026E-4	1,4186642E-7	-9,5990476E-5	2,2559973E-7	1,2416667E-4	1,4358505E-7
1,4808000E+2	2,2366521E+0	1,1877714E-3	1,5482549E-4	1,6931573E-7	-9,5585714E-5	1,1880356E-7	1,2169524E-4	2,0142942E-7
1,4812000E+2	2,2436298E+0	1,2842873E-3	1,5519110E-4	2,1692851E-7	-9,6595238E-5	2,0560596E-7	1,2136190E-4	1,9371063E-7
1,4816000E+2	2,2486756E+0	1,0478736E-3	1,5475496E-4	1,6451889E-7	-9,7057143E-5	1,7529567E-7	1,2051905E-4	1,6891108E-7
1,4820000E+2	2,2429977E+0	2,0656409E-3	1,5451838E-4	1,9346732E-7	-9,6185714E-5	2,3846234E-7	1,2093810E-4	2,9761352E-7
1,4824000E+2	2,2427552E+0	1,3002874E-3	1,5415922E-4	1,6863678E-7	-9,5990476E-5	2,2769549E-7	1,2061905E-4	1,5789538E-7
1,4828000E+2	2,2515099E+0	1,5914496E-3	1,5376548E-4	1,8119740E-7	-9,6780952E-5	2,4845714E-7	1,1948095E-4	1,7082433E-7
1,4832000E+2	2,2539097E+0	1,1242625E-3	1,5285223E-4	1,4055604E-7	-9,6538095E-5	1,6740313E-7	1,1855238E-4	1,5469632E-7
1,4836000E+2	2,2609344E+0	1,3578951E-3	1,5276022E-4	1,5513188E-7	-9,7280952E-5	1,9347080E-7	1,1777619E-4	1,7319133E-7
1,4840000E+2	2,2687655E+0	1,4709655E-3	1,5216784E-4	1,5541031E-7	-9,7766667E-5	2,1821243E-7	1,1656190E-4	1,8900743E-7
1,4844000E+2	2,2766414E+0	1,4164037E-3	1,5153354E-4	1,7117908E-7	-9,8295238E-5	2,2488621E-7	1,1529524E-4	1,8847761E-7
1,4848000E+2	2,2821567E+0	1,4848627E-3	1,5117586E-4	1,5873575E-7	-9,8690476E-5	2,1176694E-7	1,1451429E-4	1,8306907E-7
1,4852000E+2	2,2482476E+0	1,5668477E-3	1,5142795E-4	1,7131387E-7	-9,4938095E-5	2,1546185E-7	1,1801429E-4	2,1717340E-7
1,4856000E+2	2,2543774E+0	1,2467388E-3	1,5138663E-4	1,9378798E-7	-9,5595238E-5	1,6903789E-7	1,1741429E-4	1,9445896E-7
1,4860000E+2	2,2620833E+0	1,2297528E-3	1,5037568E-4	1,9380014E-7	-9,5866667E-5	1,6083117E-7	1,1587143E-4	2,0918208E-7
1,4864000E+2	2,2672628E+0	1,8619361E-3	1,5010405E-4	1,7661823E-7	-9,6295238E-5	2,5114500E-7	1,1513810E-4	2,1301129E-7
1,4868000E+2	2,2755584E+0	1,2388376E-3	1,4965433E-4	2,1247620E-7	-9,6976190E-5	1,8653482E-7	1,1399524E-4	2,0340553E-7
1,4872000E+2	2,2793148E+0	1,0883269E-3	1,4904221E-4	1,9759834E-7	-9,6938095E-5	1,4857257E-7	1,1320952E-4	2,1632207E-7
1,4876000E+2	2,2863240E+0	1,2351945E-3	1,4860461E-4	1,9606812E-7	-9,7476190E-5	2,3397700E-7	1,1219524E-4	1,8540175E-7
1,4880000E+2	2,2932705E+0	1,6678528E-3	1,4815679E-4	2,9436640E-7	-9,7947619E-5	2,0659369E-7	1,1110000E-4	2,8284271E-7
1,4884000E+2	2,2995588E+0	2,0626196E-3	1,4790044E-4	2,6264672E-7	-9,8490476E-5	2,9282288E-7	1,1034286E-4	3,0475986E-7
1,4888000E+2	2,3035055E+0	1,6974345E-3	1,4691577E-4	2,1959997E-7	-9,8276190E-5	2,3747682E-7	1,0920952E-4	2,4113324E-7
1,4892000E+2	2,3106774E+0	1,7761989E-3	1,4630143E-4	2,3104826E-7	-9,8638095E-5	2,4305104E-7	1,0802857E-4	2,3185587E-7
1,4896000E+2	2,3170238E+0	1,6559197E-3	1,4607956E-4	2,3900241E-7	-9,9119048E-5	2,3039304E-7	1,0730000E-4	2,3452079E-7
1,4900000E+2	2,3224480E+0	1,7218167E-3	1,4575105E-4	2,8012177E-7	-9,9561905E-5	2,8341455E-7	1,0634762E-4	2,4182835E-7
1,4904000E+2	2,3324506E+0	1,6833856E-3	1,4475911E-4	2,6517736E-7	-9,9790476E-5	2,6342976E-7	1,0492857E-4	2,1658057E-7
1,4908000E+2	2,3408068E+0	1,4535275E-3	1,4485574E-4	1,5730258E-7	-1,0077619E-4	1,7718701E-7	1,0382381E-4	1,8998747E-7
1,4912000E+2	2,3460703E+0	2,2099902E-3	1,4393052E-4	2,7000254E-7	-1,0052857E-4	2,8426597E-7	1,0262381E-4	3,0486921E-7
1,4916000E+2	2,3464283E+0	1,8352079E-3	1,4360125E-4	2,9995442E-7	-1,0055238E-4	2,9695278E-7	1,0246667E-4	2,6947480E-7
1,4920000E+2	2,3553737E+0	3,0845986E-3	1,4300678E-4	4,1884285E-7	-1,0105238E-4	4,2670945E-7	1,0118095E-4	4,3471939E-7
1,4924000E+2	2,3598441E+0	3,1343309E-3	1,4189350E-4	4,7087512E-7	-1,0071429E-4	5,3203786E-7	9,9957143E-5	3,8939514E-7
1,4928000E+2	2,3230176E+0	4,9803783E-3	1,4288085E-4	4,7976026E-7	-9,7628571E-5	5,1841792E-7	1,0431905E-4	6,9038464E-7
1,4932000E+2	2,3190309E+0	3,7998826E-3	1,4255292E-4	5,4192216E-7	-9,7028571E-5	5,7048851E-7	1,0444762E-4	5,6602204E-7
1,4936000E+2	2,3290829E+0	4,4428780E-3	1,4172243E-4	6,6463719E-7	-9,7419048E-5	6,6002345E-7	1,0285238E-4	6,4809795E-7
1,4940000E+2	2,3284456E+0	6,2199669E-3	1,4148507E-4	7,6393988E-7	-9,7161905E-5	7,0201411E-7	1,0275238E-4	9,2794448E-7
1,4944000E+2	2,3419496E+0	6,0636223E-3	1,4119208E-4	7,6435098E-7	-9,8404762E-5	7,9276340E-7	1,0123333E-4	8,2040640E-7
1,4948000E+2	2,3461900E+0	2,5057113E-3	1,4047379E-4	1,1621284E-6	-9,8314286E-5	9,1507611E-7	1,0034286E-4	8,1069635E-7
1,4952000E+2	2,3519621E+0	4,9329223E-3	1,4020616E-4	9,1891993E-7	-9,8671429E-5	3,4555339E-7	9,9604762E-5	1,1149995E-6
1,4956000E+2	2,3561828E+0	4,9486191E-3	1,3925857E-4	1,0963815E-6	-9,8442857E-5	9,6217388E-7	9,8495238E-5	8,7339785E-7
1,4960000E+2	2,3642495E+0	6,8277436E-3	1,3842964E-4	7,8699395E-7	-9,8657143E-5	8,5620008E-7	9,7047619E-5	8,9256986E-7
1,4964000E+2	2,3687735E+0	6,8411649E-3	1,3842979E-4	9,8993609E-7	-9,9042857E-5	1,0065926E-6	9,6585714E-5	9,3218254E-7
1,4968000E+2	2,3728180E+0	7,1727003E-3	1,3890164E-4	9,8669405E-7	-9,9804762E-5	1,0262426E-6	9,6533333E-5	1,0004332E-6
1,4972000E+2	2,3802211E+0	8,9821545E-3	1,3788640E-4	1,3277907E-6	-9,9752381E-5	1,2654371E-6	9,5076190E-5	1,2855914E-6
1,4976000E+2	2,3823777E+0	1,1617734E-2	1,3718927E-4	1,4356503E-6	-9,9400000E-5	1,4827677E-6	9,4280952E-5	1,5361090E-6
1,4980000E+2	2,3956889E+0	1,1068515E-2	1,3751007E-4	1,4665671E-6	-1,0093333E-4	1,5349484E-6	9,3176190E-5	1,4343623E-6
1,4984000E+2	2,4003776E+0	1,1309386E-2	1,3571904E-4	1,5152397E-6	-1,0006667E-4	1,5997864E-6	9,1504762E-5	1,4550340E-6
1,4988000E+2	2,4015026E+0	1,3802958E-2	1,3715746E-4	1,6956262E-6	-1,0118571E-4	1,8428278E-6	9,2285714E-5	1,7438934E-6
1,4992000E+2	2,4208063E+0	1,6157745E-2	1,3506961E-4	2,3475773E-6	-1,0130000E-4	2,2883728E-6	8,8852381E-5	2,2359743E-6
1,4996000E+2	2,4269209E+0	1,6781523E-2	1,3840895E-4	1,8124685E-6	-1,0423333E-4	1,9591495E-6	9,0428571E-5	2,1410528E-6
1,5000000E+2	2,4298444E+0	5,2702895E-3	1,2222515E-4	5,0760607E-7	-9,2266667E-5	2,5429641E-7	7,9676190E-5	7,7691392E-7
1,5004000E+2	2,3986634E+0	1,3713790E-2	1,3249693E-4	2,1240502E-6	-9,7200000E-5	1,7555626E-6	8,9485714E-5	2,1450441E-6
1,5008000E+2	2,4070207E+0	1,4082029E-2	1,3605579E-4	1,8658615E-6	-1,0073810E-4	1,8188798E-6	9,1042857E-5	1,9383314E-6
1,5012000E+2	2,4228702E+0	1,1928112E-2	1,3299773E-4	1,5215331E-6	-9,9923810E-5	1,4752611E-6	8,7442857E-5	1,6212892E-6
1,5016000E+2	2,4230623E+0	9,8793824E-3	1,3298235E-4	1,2801978E-6	-9,9947619E-5	1,2624702E-6	8,7428571E-5	1,3133572E-6
1,5020000E+2	2,4369421E+0	8,2290934E-3	1,3219523E-4	1,1658866E-6	-1,0064762E-4	1,1011952E-6	8,5604762E-5	1,1324857E-6
1,5024000E+2	2,4381605E+0	8,9614486E-3	1,3219710E-4	1,1862631E-6	-1,0071905E-4	1,1748961E-6	8,5509524E-5	1,1984762E-6
1,5028000E+2	2,4435944E+0	8,9421598E-3	1,3164787E-4	1,1340358E-6	-1,0076667E-4	1,0990981E-6	8,4580952E-5	1,2122834E-6
1,5032000E+2	2,4454003E+0	7,3521094E-3	1,3123978E-4	9,7520560E-7	-1,0066190E-4	9,9223173E-7	8,4119048E-5	9,5599736E-7
1,5036000E+2	2,4298792E+0	6,0887844E-3	1,3067306E-4	8,2261218E-7	-9,8985714E-5	7,8610704E-7	8,5319048E-5	8,1916479E-7
1,5040000E+2	2,4370877E+0	5,0774996E-3	1,3053338E-4	8,0960714E-7	-9,9438095E-5	7,6313420E-7	8,4514286E-5	6,7673059E-7
1,5044000E+2	2,4398332E+0	4,3643253E-3	1,3012625E-4	7,6385335E-7	-9,9328571E-5	5,6436437E-7	8,4000000E-5	7,4813100E-7
1,5048000E+2	2,4479683E+0	6,6405750E-3	1,2930872E-4	1,9044986E-7	-9,9414286E-5	6,1681787E-7	8,2647619E-5	6,3465026E-7
1,5052000E+2	2,4501875E+0	5,5723905E-3	1,2870888E-4	5,3835105E-7	-9,9066667E-5	2,3888630E-7	8,2095238E-5	8,2509018E-7
1,5056000E+2	2,4566779E+0	4,8472089E-3	1,2840349E-4	5,5774851E-7	-9,9395238E-5	6,2894659E-7	8,1185714E-5	5,6490201E-7
1,5060000E+2	2,4632041E+0	4,6216898E-3	1,2803812E-4	6,4910409E-7	-9,9666667E-5	6,8041654E-7	8,0357143E-5	5,8798688E-7
1,5064000E+2	2,4696696E+0	4,6160088E-3	1,2746550E-4	5,4675736E-7	-9,9704762E-5	6,2001920E-7	7,9309524E-5	5,0154286E-7
1,5068000E+2	2,4753981E+0	3,8192481E-3	1,2707408E-4	4,3931406E-7	-9,9895238E-5	4,7851208E-7	7,8514286E-5	4,4683810E-7
1,5072000E+2	2,4463612E+0	4,4020563E-3	1,2771951E-4	4,5409705E-7	-9,8023810E-5	4,3525307E-7	8,1833333E-5	5,7577484E-7
1,5076000E+2	2,4417301E+0	3,4107912E-3	1,2736123E-4	3,6631490E-7	-9,7438095E-5	3,7090944E-7	8,2085714E-5	4,1864578E-7
1,5080000E+2	2,4462823E+0	2,6903461E-3	1,2666040E-4	3,7474710E-7	-9,7261905E-5	3,7917517E-7	8,1090476E-5	3,1383951E-7
1,5084000E+2	2,4538711E+0	3,2757320E-3	1,2664331E-4	3,5616208E-7	-9,7880952E-5	3,9418391E-7	8,0338095E-5	3,6609262E-7
1,5088000E+2	2,4608529E+0	2,6039979E-3	1,2514714E-4	4,1149414E-7	-9,7342857E-5	3,8003759E-7	7,8704762E-5	3,5131725E-7
1,5092000E+2	2,4646689E+0	5,2216897E-3	1,2515288E-4	4,5780373E-7	-9,7504762E-5	4,6300519E-7	7,8400000E-5	6,4362256E-7
1,5096000E+2	2,4666713E+0	3,3021034E-3	1,2472593E-4	3,9329780E-7	-9,7471429E-5	4,1971078E-7	7,7766667E-5	3,7909981E-7
1,5100000E+2	2,4642733E+0	1,2230142E-3	1,2384500E-4	2,8681372E-7	-9,6433333E-5	1,8991226E-7	7,7485714E-5	2,3111531E-7
1,5104000E+2	2,4817646E+0	2,0150402E-3	1,2415371E-4	3,0214685E-7	-9,8176190E-5	2,9571141E-7	7,6257143E-5	2,6453463E-7
1,5108000E+2	2,4854544E+0	2,5779082E-3	1,2349862E-4	3,0899903E-7	-9,7852381E-5	3,2315778E-7	7,5290476E-5	3,5013603E-7
1,5112000E+2	2,4898254E+0	1,8594878E-3	1,2331872E-4	2,4438144E-7	-9,8052381E-5	2,8667220E-7	7,4785714E-5	1,8375061E-7
1,5116000E+2	2,4949661E+0	1,8813366E-3	1,2251805E-4	2,1804368E-7	-9,7790476E-5	2,0783464E-7	7,3823810E-5	2,2900925E-7
1,5120000E+2	2,4987363E+0	2,2408120E-3	1,2232683E-4	2,4540512E-7	-9,7900000E-5	2,9214722E-7	7,3371429E-5	2,6087764E-7
1,5124000E+2	2,5061978E+0	2,2232487E-3	1,2190594E-4	2,4969690E-7	-9,8104762E-5	2,5362139E-7	7,2404762E-5	2,7013665E-7
1,5128000E+2	2,5104721E+0	2,2688495E-3	1,2142383E-4	3,4618153E-7	-9,8000000E-5	3,0740852E-7	7,1642857E-5	2,9373214E-7
1,5132000E+2	2,5179599E+0	2,9414580E-3	1,2125202E-4	6,0346746E-7	-9,8428571E-5	5,0324660E-7	7,0838095E-5	4,7688972E-7
1,5136000E+2	2,5184703E+0	2,6325901E-3	1,1930221E-4	4,5794323E-7	-9,6909524E-5	4,5906997E-7	6,9623810E-5	3,5559139E-7
1,5140000E+2	2,5036949E+0	1,5264138E-3	1,2008743E-4	2,9274560E-7	-9,6471429E-5	2,9095901E-7	7,1480952E-5	1,9021291E-7
1,5144000E+2	2,5095580E+0	2,9419564E-3	1,2023485E-4	2,7986881E-7	-9,6995238E-5	2,9962278E-7	7,1038095E-5	3,2859368E-7
1,5148000E+2	2,5155772E+0	2,7742873E-3	1,1967001E-4	2,2998027E-7	-9,6985714E-5	2,9217167E-7	7,0095238E-5	2,7545201E-7
1,5152000E+2	2,5188780E+0	1,5344295E-3	1,1902455E-4	1,8353640E-7	-9,6690476E-5	2,1200292E-7	6,9419048E-5	1,8929066E-7
1,5156000E+2	2,5252539E+0	1,6397911E-3	1,1885831E-4	3,0641954E-7	-9,7014286E-5	2,6956314E-7	6,8700000E-5	2,3140873E-7
1,5160000E+2	2,5325247E+0	1,8025104E-3	1,1859976E-4	2,3337761E-7	-9,7242857E-5	2,6387226E-7	6,7885714E-5	2,1027193E-7
1,5164000E+2	2,5416785E+0	2,7567151E-3	1,1805580E-4	2,8841112E-7	-9,7433333E-5	2,9396712E-7	6,6676190E-5	3,4160685E-7
1,5168000E+2	2,5199551E+0	1,6427695E-3	1,1798454E-4	1,7681730E-7	-9,5871429E-5	1,7722061E-7	6,8695238E-5	2,1499723E-7
1,5172000E+2	2,5229730E+0	1,5716701E-3	1,1721042E-4	1,7615098E-7	-9,5490476E-5	1,6880533E-7	6,7961905E-5	2,0536263E-7
1,5176000E+2	2,5292617E+0	1,7156260E-3	1,1702017E-4	2,2622009E-7	-9,5766667E-5	2,1252451E-7	6,7280952E-5	1,8270455E-7
1,5180000E+2	2,5344315E+0	1,7839796E-3	1,1656615E-4	1,8930215E-7	-9,5752381E-5	1,5947085E-7	6,6514286E-5	2,3035687E-7
1,5184000E+2	2,5380292E+0	1,2415477E-3	1,1662704E-4	1,8884948E-7	-9,5966667E-5	1,3063945E-7	6,6180952E-5	1,7869234E-7
1,5188000E+2	2,5457976E+0	1,4175484E-3	1,1529619E-4	2,1016827E-7	-9,5380952E-5	1,6501804E-7	6,4676190E-5	1,8397075E-7
1,5192000E+2	2,5476423E+0	2,5952463E-3	1,1626152E-4	3,2513320E-7	-9,6419048E-5	2,9475575E-7	6,4971429E-5	3,1218127E-7
1,5196000E+2	2,5562757E+0	1,6288997E-3	1,1573493E-4	2,0312286E-7	-9,6376190E-5	2,1896401E-7	6,4042857E-5	1,9818822E-7
1,5200000E+2	2,5587206E+0	1,8132124E-3	1,1450843E-4	2,0215857E-7	-9,5657143E-5	2,2864508E-7	6,3038095E-5	1,7825210E-7
1,5204000E+2	2,5436839E+0	1,3648294E-3	1,1497588E-4	1,7286853E-7	-9,4914286E-5	1,7976175E-7	6,4704762E-5	1,1799919E-7
1,5208000E+2	2,5479711E+0	1,5931384E-3	1,1412092E-4	1,9576115E-7	-9,4700000E-5	2,0248457E-7	6,3947619E-5	1,7994708E-7
1,5212000E+2	2,5554858E+0	1,4626636E-3	1,1372003E-4	1,9687209E-7	-9,4776190E-5	1,8246983E-7	6,2952381E-5	1,8188170E-7
1,5216000E+2	2,5585414E+0	1,4894455E-3	1,1328545E-4	1,6789835E-7	-9,4571429E-5	1,4511080E-7	6,2414286E-5	1,7324632E-7
1,5220000E+2	2,5628856E+0	1,4860776E-3	1,1300233E-4	1,8386728E-7	-9,4604762E-5	1,6650468E-7	6,1795238E-5	1,8979939E-7
1,5224000E+2	2,5701615E+0	1,3564906E-3	1,1231246E-4	1,6990966E-7	-9,4457143E-5	1,3314868E-7	6,0695238E-5	1,6529915E-7
1,5228000E+2	2,5723448E+0	1,3620892E-3	1,1233532E-4	1,3964841E-7	-9,4652381E-5	1,5469632E-7	6,0561905E-5	1,5547929E-7
1,5232000E+2	2,5758048E+0	3,4554305E-3	1,1166713E-4	2,4905497E-7	-9,4266667E-5	3,5625365E-7	5,9819048E-5	3,2315778E-7
1,5236000E+2	2,5864832E+0	8,2343686E-3	1,1146834E-4	9,7861157E-7	-9,4566667E-5	8,3190544E-7	5,8728571E-5	1,0689748E-6
1,5240000E+2	2,5791160E+0	7,6426106E-3	1,1083121E-4	9,4519414E-7	-9,3723810E-5	8,9109216E-7	5,9095238E-5	8,9276190E-7
1,5244000E+2	2,5896435E+0	1,5474372E-3	1,1037245E-4	1,4949117E-7	-9,3971429E-5	1,7876561E-7	5,7947619E-5	1,4502052E-7
1,5248000E+2	2,5936784E+0	1,9866163E-3	1,1006849E-4	2,3199944E-7	-9,3976190E-5	2,3397700E-7	5,7352381E-5	2,2086410E-7
1,5252000E+2	2,5990425E+0	1,8689244E-3	1,0966499E-4	1,5848169E-7	-9,3928571E-5	1,9648700E-7	5,6652381E-5	1,8160659E-7
1,5256000E+2	2,5856552E+0	2,2220521E-3	1,0986979E-4	1,8095436E-7	-9,3309524E-5	1,7929093E-7	5,7980952E-5	2,4765087E-7
1,5260000E+2	2,5902716E+0	1,7374555E-3	1,0968302E-4	1,6559392E-7	-9,3390476E-5	1,5935883E-7	5,7442857E-5	1,9919481E-7
1,5264000E+2	2,5898867E+0	2,0102772E-3	1,0931783E-4	1,8649786E-7	-9,3114286E-5	2,1462592E-7	5,7309524E-5	1,9415262E-7
1,5268000E+2	2,6004690E+0	1,3665731E-3	1,0883089E-4	1,4692935E-7	-9,3271429E-5	1,3640800E-7	5,6071429E-5	1,4372593E-7
1,5272000E+2	2,6062793E+0	1,5886759E-3	1,0836171E-4	2,1131770E-7	-9,3152381E-5	1,9654758E-7	5,5352381E-5	2,0780027E-7
1,5276000E+2	2,6062886E+0	1,8262728E-3	1,0806774E-4	1,1402227E-7	-9,2842857E-5	1,4518461E-7	5,5171429E-5	1,8656672E-7
1,5280000E+2	2,6069512E+0	1,0084984E-3	1,0747528E-4	1,5102791E-7	-9,2323810E-5	1,4122761E-7	5,4714286E-5	1,1495341E-7
1,5284000E+2	2,6151419E+0	1,5641999E-3	1,0713179E-4	1,1443897E-7	-9,2490476E-5	1,4575746E-7	5,3728571E-5	1,2809037E-7
1,5288000E+2	2,5701233E+0	1,4993173E-3	1,0757071E-4	1,3685033E-7	-9,0466667E-5	1,2131227E-7	5,8176190E-5	1,6746713E-7
1,5292000E+2	2,5763473E+0	1,5038170E-3	1,0732493E-4	1,1289034E-7	-9,0628571E-5	8,5481828E-8	5,7552381E-5	1,7841231E-7
1,5296000E+2	2,5817659E+0	1,3627150E-3	1,0715968E-4	1,3111475E-7	-9,0771429E-5	1,4126975E-7	5,6909524E-5	1,3339879E-7
1,5300000E+2	2,5865966E+0	1,6528511E-3	1,0651307E-4	2,1561817E-7	-9,0542857E-5	2,3319213E-7	5,6085714E-5	1,7934404E-7
1,5304000E+2	2,5891883E+0	2,0260337E-3	1,0639567E-4	1,5164342E-7	-9,0557143E-5	1,5109127E-7	5,5833333E-5	2,0338797E-7
1,5308000E+2	2,5951054E+0	1,2617898E-3	1,0555030E-4	1,1743307E-7	-9,0161905E-5	1,4185841E-7	5,4823810E-5	1,3017388E-7
1,5312000E+2	2,5978065E+0	1,2131379E-3	1,0570646E-4	1,3590302E-7	-9,0457143E-5	1,2441291E-7	5,4733333E-5	1,2695143E-7
1,5316000E+2	2,6002907E+0	1,3868288E-3	1,0500892E-4	1,5036111E-7	-8,9961905E-5	1,5090994E-7	5,4128571E-5	1,4162324E-7
1,5320000E+2	2,6089143E+0	1,3433683E-3	1,0492942E-4	1,5084022E-7	-9,0376190E-5	1,5904477E-7	5,3280952E-5	1,3164708E-7
1,5324000E+2	2,6119759E+0	1,0795115E-3	1,0438211E-4	1,6810151E-7	-9,0066667E-5	1,5513435E-7	5,2719048E-5	1,2700769E-7
1,5328000E+2	2,6169074E+0	1,3993554E-3	1,0423289E-4	9,4777877E-8	-9,0214286E-5	8,2548687E-8	5,2209524E-5	1,4948324E-7
1,5332000E+2	2,6219794E+0	1,3614777E-3	1,0385200E-4	1,4149968E-7	-9,0109524E-5	1,4437880E-7	5,1566667E-5	1,5072049E-7
1,5336000E+2	2,6240917E+0	1,1572290E-3	1,0348541E-4	1,0173174E-7	-8,9971429E-5	9,4905969E-8	5,1176190E-5	1,3433257E-7
1,5340000E+2	2,6280229E+0	1,3382240E-3	1,0288899E-4	1,3057262E-7	-8,9614286E-5	1,3458932E-7	5,0542857E-5	1,5109127E-7
1,5344000E+2	2,6292873E+0	1,5789351E-3	1,0262527E-4	1,3170611E-7	-8,9447619E-5	1,4328626E-7	5,0295238E-5	1,5991813E-7
1,5348000E+2	2,6381132E+0	8,6684401E-4	1,0220195E-4	1,2988514E-7	-8,9561905E-5	1,3990643E-7	4,9319048E-5	1,0714921E-7
1,5352000E+2	2,6433803E+0	1,8994050E-3	1,0240234E-4	2,9071032E-7	-8,9914286E-5	2,0202546E-7	4,8938095E-5	2,9184552E-7
1,5356000E+2	2,6474290E+0	9,3563313E-4	1,0162527E-4	1,4887701E-7	-8,9471429E-5	1,4935576E-7	4,8214286E-5	1,1320020E-7
1,5360000E+2	2,6496755E+0	1,2681021E-3	1,0132528E-4	9,0323191E-8	-8,9342857E-5	1,0620062E-7	4,7857143E-5	1,2817399E-7
1,5364000E+2	2,6541059E+0	1,4430966E-3	1,0096253E-4	8,5905161E-8	-8,9228571E-5	9,6473534E-8	4,7300000E-5	1,3000000E-7
1,5368000E+2	2,6463822E+0	3,8269639E-3	1,0085358E-4	1,4045166E-7	-8,8800000E-5	1,6537835E-7	4,7861905E-5	3,7745703E-7
1,5372000E+2	2,6258246E+0	9,9333755E-4	1,0104022E-4	1,0286183E-7	-8,7823810E-5	8,9973541E-8	4,9876190E-5	1,1977161E-7
1,5376000E+2	2,6260422E+0	1,7309921E-3	1,0097489E-4	9,6226963E-8	-8,7866667E-5	1,2416387E-7	4,9790476E-5	1,6323369E-7
1,5380000E+2	2,6317690E+0	1,3630446E-3	1,0044652E-4	1,1345517E-7	-8,7638095E-5	1,0641339E-7	4,9038095E-5	1,2113550E-7
1,5384000E+2	2,6399399E+0	1,9143372E-3	9,9821239E-5	1,2975436E-7	-8,7423810E-5	1,2163568E-7	4,8004762E-5	1,4185841E-7
1,5388000E+2	2,6408406E+0	1,0862121E-3	9,9248636E-5	1,2125649E-7	-8,7233333E-5	1,1298968E-7	4,7842857E-5	1,2441291E-7
1,5392000E+2	2,6445509E+0	1,1809973E-3	9,9188959E-5	8,2908337E-8	-8,7128571E-5	8,4006802E-8	4,7152381E-5	1,0877018E-7
1,5396000E+2	2,6519701E+0	1,3384496E-3	9,8777598E-5	1,2060265E-7	-8,7200000E-5	1,5620499E-7	4,6504762E-5	1,1146214E-7
1,5400000E+2	2,6540248E+0	1,5336517E-3	9,8628263E-5	1,2217290E-7	-8,7128571E-5	1,1205866E-7	4,6238095E-5	1,5467323E-7
1,5404000E+2	2,6570033E+0	1,4638350E-3	9,8370095E-5	9,9914074E-8	-8,7028571E-5	1,3604096E-7	4,5819048E-5	1,4570845E-7
1,5408000E+2	2,6617436E+0	1,1744457E-3	9,8088096E-5	9,0599955E-8	-8,7052381E-5	9,3706736E-8	4,5271429E-5	1,1183534E-7
1,5412000E+2	2,6672308E+0	1,5115244E-3	9,7542860E-5	1,3152110E-7	-8,6761905E-5	1,5755573E-7	4,4528571E-5	1,2412551E-7
1,5416000E+2	2,6699767E+0	1,0906300E-3	9,7266759E-5	1,4501219E-7	-8,6647619E-5	1,4380874E-7	4,4176190E-5	1,1289481E-7
1,5420000E+2	2,6736485E+0	1,4679621E-3	9,7129158E-5	1,6673578E-7	-8,6633333E-5	1,5335145E-7	4,3842857E-5	1,5306395E-7
1,5424000E+2	2,6805536E+0	1,5105224E-3	9,6979640E-5	1,3405040E-7	-8,6847619E-5	1,4188359E-7	4,3161905E-5	1,3536547E-7
1,5428000E+2	2,6798173E+0	1,3036514E-3	9,6131352E-5	1,2286569E-7	-8,6123810E-5	1,4420554E-7	4,2819048E-5	1,1845232E-7
1,5432000E+2	2,6657330E+0	1,6200980E-3	9,6322344E-5	1,3480046E-7	-8,5623810E-5	1,5131172E-7	4,4166667E-5	1,5286159E-7
1,5436000E+2	2,6724337E+0	1,7416621E-3	9,6180720E-5	1,2750508E-7	-8,5742857E-5	1,3049357E-7	4,3485714E-5	1,6527034E-7
1,5440000E+2	2,6724746E+0	1,6760357E-3	9,5628910E-5	1,1973475E-7	-8,5300000E-5	1,1202678E-7	4,3214286E-5	1,7295747E-7
1,5444000E+2	2,6791541E+0	1,4795182E-3	9,5254289E-5	8,4381928E-8	-8,5261905E-5	8,6161532E-8	4,2461905E-5	1,3387983E-7
1,5448000E+2	2,6855128E+0	1,4764563E-3	9,5050367E-5	1,3426787E-7	-8,5376190E-5	1,4069555E-7	4,1857143E-5	1,2279483E-7
1,5452000E+2	2,6857516E+0	1,4243813E-3	9,4434913E-5	1,2856550E-7	-8,4785714E-5	1,2634985E-7	4,1604762E-5	1,3901011E-7
1,5456000E+2	2,6916964E+0	1,1563235E-3	9,4578793E-5	1,1101443E-7	-8,5128571E-5	1,2750350E-7	4,1119048E-5	1,0574002E-7
1,5460000E+2	2,6954651E+0	1,7845770E-3	9,4441188E-5	1,5282201E-7	-8,5223810E-5	1,4864467E-7	4,0761905E-5	1,6131897E-7
1,5464000E+2	2,7010959E+0	1,6740749E-3	9,3983031E-5	1,0145398E-7	-8,5023810E-5	1,2081075E-7	4,0066667E-5	1,3644291E-7
1,5468000E+2	2,7057400E+0	1,4379461E-3	9,3763344E-5	1,5478108E-7	-8,4942857E-5	1,2053452E-7	3,9661905E-5	1,7124196E-7
1,5472000E+2	2,7095985E+0	1,3945047E-3	9,3411801E-5	1,3391702E-7	-8,4838095E-5	1,3462470E-7	3,9071429E-5	1,2044560E-7
1,5476000E+2	2,7094851E+0	1,4722914E-3	9,2776737E-5	1,3103350E-7	-8,4119048E-5	1,4064477E-7	3,8866667E-5	1,2793227E-7
1,5480000E+2	2,6845388E+0	1,1143432E-3	9,3306795E-5	1,4441236E-7	-8,3609524E-5	1,1766579E-7	4,1347619E-5	1,0784689E-7
1,5484000E+2	2,6901760E+0	1,7377638E-3	9,2570035E-5	1,4457536E-7	-8,3347619E-5	1,4502052E-7	4,0295238E-5	1,4185841E-7
1,5488000E+2	2,6952080E+0	1,8010246E-3	9,2562221E-5	1,4612736E-7	-8,3371429E-5	1,5380879E-7	3,9847619E-5	1,5947085E-7
1,5492000E+2	2,7001217E+0	1,5218962E-3	9,2414814E-5	1,1251041E-7	-8,3704762E-5	1,1821087E-7	3,9509524E-5	1,5064939E-7
1,5496000E+2	2,7041536E+0	1,5874208E-3	9,1750831E-5	1,5521408E-7	-8,3109524E-5	1,5730619E-7	3,8890476E-5	1,6184943E-7
1,5500000E+2	2,7055570E+0	1,7133474E-3	9,1669480E-5	1,2454628E-7	-8,3066667E-5	1,3753787E-7	3,8709524E-5	1,3507494E-7
1,5504000E+2	2,7095558E+0	1,1639512E-3	9,1593662E-5	1,5243484E-7	-8,3190476E-5	1,3507494E-7	3,8423810E-5	1,4122761E-7
1,5508000E+2	2,7138699E+0	1,9441807E-3	9,1221273E-5	1,1945599E-7	-8,2995238E-5	1,1235573E-7	3,7814286E-5	1,9095624E-7
1,5512000E+2	2,7193122E+0	1,9094983E-3	9,0739554E-5	1,7334142E-7	-8,2804762E-5	1,8213679E-7	3,7185714E-5	1,5593039E-7
1,5516000E+2	2,6773927E+0	1,8126419E-3	9,0998049E-5	1,0168174E-7	-8,1366667E-5	1,5005555E-7	4,0771429E-5	1,3079428E-7
1,5520000E+2	2,6778453E+0	1,6368358E-3	9,1206219E-5	1,4974753E-7	-8,1571429E-5	1,5781997E-7	4,0804762E-5	1,3628576E-7
1,5524000E+2	2,6779732E+0	1,3158580E-3	9,0694284E-5	1,1897958E-7	-8,1180952E-5	1,1415320E-7	4,0557143E-5	1,1865316E-7
1,5528000E+2	2,6846292E+0	1,5686196E-3	9,0443506E-5	1,3834685E-7	-8,1133333E-5	1,5022206E-7	3,9909524E-5	1,2726051E-7
1,5532000E+2	2,6856268E+0	1,3007020E-3	8,9857827E-5	1,0999616E-7	-8,0690476E-5	1,2163568E-7	3,9552381E-5	1,2137113E-7
1,5536000E+2	2,6924752E+0	1,6361572E-3	9,0046538E-5	1,1112609E-7	-8,1095238E-5	1,0919620E-7	3,9090476E-5	1,5229983E-7
1,5540000E+2	2,6951224E+0	1,4535216E-3	8,9376782E-5	1,6731568E-7	-8,0638095E-5	1,6301475E-7	3,8595238E-5	1,3591839E-7
1,5544000E+2	2,6969478E+0	1,4783321E-3	8,9420265E-5	1,4238128E-7	-8,0700000E-5	1,2825755E-7	3,8466667E-5	1,3006409E-7
1,5548000E+2	2,7063448E+0	1,6415297E-3	8,8878235E-5	1,3652744E-7	-8,0571429E-5	1,5654757E-7	3,7442857E-5	1,0944666E-7
1,5552000E+2	2,7054728E+0	1,2721813E-3	8,8783453E-5	1,4438185E-7	-8,0457143E-5	1,2521410E-7	3,7500000E-5	1,2165525E-7
1,5556000E+2	2,7138211E+0	1,7457804E-3	8,8401182E-5	1,3241062E-7	-8,0404762E-5	1,4097450E-7	3,6633333E-5	1,4685594E-7
1,5560000E+2	2,7159372E+0	1,4921065E-3	8,8492696E-5	1,4438916E-7	-8,0557143E-5	1,5224510E-7	3,6571429E-5	1,2750350E-7
1,5564000E+2	2,7171381E+0	1,4057195E-3	8,8053221E-5	1,1733756E-7	-8,0242857E-5	1,2340410E-7	3,6242857E-5	1,3106705E-7
1,5568000E+2	2,7187381E+0	1,1609136E-3	8,7634177E-5	1,1056697E-7	-7,9914286E-5	1,0302566E-7	3,5919048E-5	1,2178240E-7
1,5572000E+2	2,7289426E+0	1,5254899E-3	8,7238933E-5	1,3331949E-7	-7,9823810E-5	1,3836632E-7	3,5123810E-5	1,4122761E-7
1,5576000E+2	2,7310225E+0	1,6845224E-3	8,7144327E-5	1,3566048E-7	-7,9852381E-5	1,5159470E-7	3,4823810E-5	1,3709573E-7
1,5580000E+2	2,7326348E+0	1,3537078E-3	8,6880197E-5	1,1947276E-7	-7,9795238E-5	1,1477722E-7	3,4590476E-5	1,2647228E-7
1,5584000E+2	2,7344940E+0	1,5845951E-3	8,6510086E-5	1,4103608E-7	-7,9428571E-5	1,4579830E-7	3,4195238E-5	1,3918983E-7
1,5588000E+2	2,7310607E+0	3,9224057E-3	8,6604444E-5	1,1942980E-7	-7,9447619E-5	1,3520707E-7	3,4576190E-5	3,3532855E-7
1,5592000E+2	2,7049224E+0	1,1891340E-3	8,6755980E-5	1,2822968E-7	-7,8576190E-5	1,2060364E-7	3,6700000E-5	8,7177979E-8
1,5596000E+2	2,7101827E+0	1,9031102E-3	8,6225893E-5	1,4172680E-7	-7,8347619E-5	1,6087558E-7	3,6080952E-5	1,3259318E-7
1,5600000E+2	2,7130439E+0	9,4034122E-4	8,6142438E-5	1,4845988E-7	-7,8376190E-5	1,5538738E-7	3,5738095E-5	8,8734489E-8
1,5604000E+2	2,7192197E+0	1,2177082E-3	8,6173901E-5	1,1219816E-7	-7,8595238E-5	1,2835034E-7	3,5319048E-5	1,1104482E-7
1,5608000E+2	2,7236322E+0	1,3391971E-3	8,5551149E-5	1,1800697E-7	-7,8209524E-5	1,3074876E-7	3,4747619E-5	1,1349428E-7
1,5612000E+2	2,7242838E+0	1,2965910E-3	8,5453421E-5	9,8869662E-8	-7,8095238E-5	1,1842217E-7	3,4666667E-5	1,1210114E-7
1,5616000E+2	2,7281994E+0	2,1991756E-3	8,4981646E-5	9,3617295E-8	-7,7785714E-5	1,0302566E-7	3,4090476E-5	1,7591259E-7
1,5620000E+2	2,7354849E+0	1,5477997E-3	8,4891611E-5	1,5679145E-7	-7,7966667E-5	1,7540429E-7	3,3523810E-5	1,1914377E-7
1,5624000E+2	2,7346596E+0	1,3496592E-3	8,4678038E-5	1,2636094E-7	-7,7766667E-5	1,2576433E-7	3,3514286E-5	1,3024702E-7
1,5628000E+2	2,7402931E+0	1,4458077E-3	8,4521056E-5	1,0237144E-7	-7,7833333E-5	1,1965227E-7	3,3057143E-5	1,0333717E-7
1,5632000E+2	2,7436608E+0	1,9157671E-3	8,4190543E-5	1,5566765E-7	-7,7642857E-5	1,4672618E-7	3,2652381E-5	1,6742447E-7
1,5636000E+2	2,7460185E+0	1,6951002E-3	8,3797560E-5	1,1422628E-7	-7,7333333E-5	9,4692485E-8	3,2300000E-5	1,4035669E-7
1,5640000E+2	2,7502130E+0	1,3569087E-3	8,3665692E-5	1,3172935E-7	-7,7333333E-5	1,5641824E-7	3,1914286E-5	1,1753419E-7
1,5644000E+2	2,7560671E+0	1,4390000E-3	8,3403774E-5	1,0573360E-7	-7,7204762E-5	1,2717629E-7	3,1400000E-5	1,1180340E-7
1,5648000E+2	2,7596794E+0	2,1992057E-3	8,3090193E-5	1,3054386E-7	-7,7061905E-5	1,3237753E-7	3,0995238E-5	1,7698534E-7
1,5652000E+2	2,7619072E+0	1,3775034E-3	8,3182427E-5	1,6078420E-7	-7,7261905E-5	1,5723807E-7	3,0871429E-5	1,1382945E-7
1,5656000E+2	2,7673898E+0	1,4770157E-3	8,2383983E-5	1,6042905E-7	-7,6671429E-5	1,4372593E-7	3,0133333E-5	1,4719601E-7
1,5660000E+2	2,7698732E+0	2,0392484E-3	8,2325196E-5	1,3967373E-7	-7,6714286E-5	1,6206260E-7	2,9919048E-5	1,4450243E-7
1,5664000E+2	2,7699625E+0	1,7216195E-3	8,1830865E-5	1,7443772E-7	-7,6261905E-5	1,6038644E-7	2,9757143E-5	1,6071270E-7
1,5668000E+2	2,7742508E+0	1,8439488E-3	8,2140162E-5	2,1378174E-7	-7,6728571E-5	1,8250245E-7	2,9476190E-5	1,8397075E-7
1,5672000E+2	2,7446772E+0	2,6662789E-3	8,1987791E-5	1,7702947E-7	-7,5504762E-5	1,9880596E-7	3,1714286E-5	2,0521765E-7
1,5676000E+2	2,7466266E+0	2,2150154E-3	8,1909346E-5	1,5442914E-7	-7,5514286E-5	1,6557260E-7	3,1623810E-5	1,5920188E-7
1,5680000E+2	2,7460010E+0	2,1897589E-3	8,1611089E-5	1,6073155E-7	-7,5309524E-5	1,8586349E-7	3,1495238E-5	1,8445544E-7
1,5684000E+2	2,7525328E+0	2,2232629E-3	8,1493469E-5	1,4795496E-7	-7,5509524E-5	1,7619659E-7	3,0990476E-5	1,8026436E-7
1,5688000E+2	2,7584140E+0	2,0671341E-3	8,1017179E-5	1,6255738E-7	-7,5176190E-5	1,3980428E-7	3,0319048E-5	1,9463030E-7
1,5692000E+2	2,7578052E+0	2,1520734E-3	8,1122803E-5	1,5090358E-7	-7,5161905E-5	1,8499678E-7	3,0385714E-5	1,3933516E-7
1,5696000E+2	2,7638356E+0	2,2848605E-3	8,0625281E-5	1,9388761E-7	-7,4923810E-5	2,0480537E-7	2,9747619E-5	1,7587198E-7
1,5700000E+2	2,7676165E+0	3,0658418E-3	8,0364626E-5	1,8259239E-7	-7,4819048E-5	2,1813059E-7	2,9338095E-5	2,1925740E-7
1,5704000E+2	2,7659014E+0	2,2663646E-3	8,0034208E-5	1,7879882E-7	-7,4466667E-5	1,6083117E-7	2,9395238E-5	2,0693914E-7
1,5708000E+2	2,7763214E+0	2,3944238E-3	8,0444572E-5	1,2556808E-7	-7,5142857E-5	1,3482793E-7	2,8761905E-5	1,8701286E-7
1,5712000E+2	2,7750229E+0	2,0079043E-3	7,9769598E-5	1,5918115E-7	-7,4438095E-5	1,4670995E-7	2,8595238E-5	1,6469308E-7
1,5716000E+2	2,7842830E+0	2,6808463E-3	7,9731727E-5	1,6027907E-7	-7,4661905E-5	1,6038644E-7	2,7871429E-5	1,9813415E-7
1,5720000E+2	2,7787500E+0	3,3378002E-3	7,9367526E-5	1,9178751E-7	-7,4185714E-5	1,8375061E-7	2,8200000E-5	3,0886890E-7
1,5724000E+2	2,7854686E+0	2,4540154E-3	7,8837006E-5	1,6306277E-7	-7,3890476E-5	1,5229983E-7	2,7447619E-5	2,0330015E-7
1,5728000E+2	2,7909258E+0	2,4625749E-3	7,8942482E-5	1,7091906E-7	-7,4100000E-5	1,5763883E-7	2,7123810E-5	1,9658392E-7
1,5732000E+2	2,7557539E+0	2,8273894E-3	7,8993087E-5	1,7885135E-7	-7,3138095E-5	1,9665658E-7	2,9733333E-5	2,1334635E-7
1,5736000E+2	2,7572884E+0	2,2845030E-3	7,8686239E-5	1,9144821E-7	-7,2952381E-5	1,6994397E-7	2,9495238E-5	1,9691066E-7
1,5740000E+2	2,7666052E+0	2,4136710E-3	7,8583850E-5	1,7246218E-7	-7,3123810E-5	1,8205834E-7	2,8771429E-5	1,7932413E-7
1,5744000E+2	2,7695727E+0	2,8949656E-3	7,8559983E-5	2,1858116E-7	-7,3204762E-5	2,2709868E-7	2,8542857E-5	2,0994897E-7
1,5748000E+2	2,7692931E+0	2,3485140E-3	7,8147371E-5	1,6097453E-7	-7,2790476E-5	1,9103727E-7	2,8433333E-5	1,5577762E-7
1,5752000E+2	2,7773830E+0	2,1994678E-3	7,8213873E-5	1,6187465E-7	-7,3080952E-5	1,8284133E-7	2,7861905E-5	1,5157114E-7
1,5756000E+2	2,7770161E+0	2,6014586E-3	7,7471895E-5	2,0141074E-7	-7,2304762E-5	2,1834333E-7	2,7614286E-5	1,7425351E-7
1,5760000E+2	2,7816001E+0	3,0129983E-3	7,7417229E-5	2,2636973E-7	-7,2423810E-5	2,2504497E-7	2,7323810E-5	2,3789754E-7
1,5764000E+2	2,7887566E+0	2,6478468E-3	7,7215735E-5	2,1717322E-7	-7,2433333E-5	1,8348479E-7	2,6690476E-5	2,2359615E-7
1,5768000E+2	2,7861476E+0	2,1435628E-3	7,7262645E-5	1,8699075E-7	-7,2361905E-5	1,4823566E-7	2,6757143E-5	1,8446835E-7
1,5772000E+2	2,7909462E+0	2,6945824E-3	7,7166995E-5	1,7126244E-7	-7,2419048E-5	1,7315009E-7	2,6452381E-5	2,2345235E-7
1,5776000E+2	2,7924117E+0	2,2127511E-3	7,6524696E-5	2,4727420E-7	-7,1804762E-5	2,5685367E-7	2,6147619E-5	1,5915701E-7
1,5780000E+2	2,7975342E+0	2,6740616E-3	7,6405195E-5	1,2728695E-7	-7,1780952E-5	1,7242666E-7	2,5880952E-5	1,6697590E-7
1,5784000E+2	2,7839646E+0	2,1655473E-3	7,6623607E-5	1,7284724E-7	-7,1800000E-5	1,4713939E-7	2,6838095E-5	2,1017566E-7
1,5788000E+2	2,7794244E+0	3,8866535E-3	7,6199573E-5	2,1264253E-7	-7,1323810E-5	2,5689538E-7	2,7119048E-5	2,7718397E-7
1,5792000E+2	2,7909571E+0	4,6804333E-3	7,5655439E-5	2,6863381E-7	-7,1080952E-5	2,7446485E-7	2,6014286E-5	3,4345929E-7
1,5796000E+2	2,7931143E+0	3,0887776E-3	7,5704133E-5	2,0927906E-7	-7,1095238E-5	2,1088814E-7	2,5871429E-5	2,2261434E-7
1,5800000E+2	2,7955826E+0	2,8797803E-3	7,5888308E-5	1,8199233E-7	-7,1390476E-5	2,0185450E-7	2,5752381E-5	1,9475870E-7
