3.324415487142857728e+01 2.399090449508658671e-02 1.437934244074305923e+02 5.261403140665850062e-03
3.444833185714286117e+01 4.204923565508227046e-02 1.437856956287828609e+02 5.152418607702439340e-03
3.578643546071428005e+01 5.068450665872745176e-02 1.437260509393403254e+02 4.030255191189862501e-03
3.713773930714285854e+01 2.340614894538638451e-03 1.436842447881292060e+02 4.113168556394769179e-03
3.841959694285714733e+01 4.009156277082478320e-03 1.436552669292138376e+02 2.931482581807382665e-03
4.001661852142857612e+01 1.348360154911382169e-01 1.435902445890417596e+02 3.692283540816566206e-03
4.187034191071428779e+01 7.732473928722888301e-02 1.435586034924258456e+02 4.519425872515381651e-03
4.355600024642857448e+01 3.336580778328298962e-03 1.435003611090745892e+02 8.057853689711480874e-03
4.633970527142857065e+01 3.151606523805773885e-01 1.434416332928855127e+02 1.200499415123858042e-02
5.223431986071428668e+01 1.604163824206116806e-01 1.432868914039305537e+02 7.191101704266476824e-03
5.350758516785713681e+01 2.034114740966067592e-01 1.432794601069517455e+02 1.044761364950720813e-02
