TIME	CH1	CH2
-1.00E+00	3.36063	1.11009
-9.98E-01	3.35156	1.10731
-9.96E-01	3.34063	1.10581
-9.94E-01	3.32812	1.10422
-9.92E-01	3.31563	1.10216
-9.90E-01	3.30313	1.09975
-9.88E-01	3.29375	1.09806
-9.86E-01	3.28531	1.09722
-9.84E-01	3.27313	1.0965
-9.82E-01	3.26438	1.09509
-9.80E-01	3.25438	1.09353
-9.78E-01	3.245	1.09247
-9.76E-01	3.23344	1.09238
-9.74E-01	3.22031	1.09247
-9.72E-01	3.20688	1.09159
-9.70E-01	3.19531	1.091
-9.68E-01	3.18594	1.09069
-9.66E-01	3.17437	1.09197
-9.64E-01	3.16156	1.09353
-9.62E-01	3.15094	1.0945
-9.60E-01	3.14219	1.09456
-9.58E-01	3.13281	1.09534
-9.56E-01	3.12156	1.09712
-9.54E-01	3.11063	1.09897
-9.52E-01	3.09938	1.10031
-9.50E-01	3.08781	1.10147
-9.48E-01	3.07875	1.10328
-9.46E-01	3.06906	1.10597
-9.44E-01	3.05906	1.10916
-9.42E-01	3.04906	1.11144
-9.40E-01	3.03906	1.11347
-9.38E-01	3.02969	1.11547
-9.36E-01	3.01781	1.11844
-9.34E-01	3.00687	1.12106
-9.32E-01	2.99781	1.12334
-9.30E-01	2.98781	1.12572
-9.28E-01	2.97844	1.12825
-9.26E-01	2.9675	1.13213
-9.24E-01	2.95656	1.13584
-9.22E-01	2.94719	1.13903
-9.20E-01	2.93531	1.14122
-9.18E-01	2.92469	1.14363
-9.16E-01	2.91469	1.14688
-9.14E-01	2.90375	1.15025
-9.12E-01	2.89344	1.15263
-9.10E-01	2.88187	1.155
-9.08E-01	2.87156	1.15709
-9.06E-01	2.86	1.16122
-9.04E-01	2.84781	1.16416
-9.02E-01	2.83594	1.16625
-9.00E-01	2.82563	1.16756
-8.98E-01	2.8175	1.16906
-8.96E-01	2.80563	1.17109
-8.94E-01	2.79406	1.17334
-8.92E-01	2.78375	1.17434
-8.90E-01	2.77438	1.17488
-8.88E-01	2.76438	1.17588
-8.86E-01	2.75219	1.17747
-8.84E-01	2.74125	1.17884
-8.82E-01	2.73031	1.17909
-8.80E-01	2.72	1.17894
-8.78E-01	2.7125	1.17863
-8.76E-01	2.70125	1.17916
-8.74E-01	2.68969	1.17922
-8.72E-01	2.67906	1.17878
-8.70E-01	2.66938	1.17753
-8.68E-01	2.66	1.17675
-8.66E-01	2.65031	1.17628
-8.64E-01	2.63906	1.17581
-8.62E-01	2.63063	1.17419
-8.60E-01	2.62125	1.17225
-8.58E-01	2.61063	1.17037
-8.56E-01	2.59875	1.16919
-8.54E-01	2.58656	1.16766
-8.52E-01	2.57719	1.16534
-8.50E-01	2.56906	1.16206
-8.48E-01	2.55969	1.15894
-8.46E-01	2.55063	1.15669
-8.44E-01	2.53812	1.15459
-8.42E-01	2.53187	1.1515
-8.40E-01	2.5225	1.14781
-8.38E-01	2.51313	1.14481
-8.36E-01	2.50156	1.14259
-8.34E-01	2.49156	1.14028
-8.32E-01	2.48313	1.13672
-8.30E-01	2.47594	1.13281
-8.28E-01	2.46656	1.12931
-8.26E-01	2.45812	1.12681
-8.24E-01	2.44937	1.12466
-8.22E-01	2.44031	1.12172
-8.20E-01	2.43156	1.11897
-8.18E-01	2.42375	1.11631
-8.16E-01	2.41219	1.11441
-8.14E-01	2.40281	1.11222
-8.12E-01	2.39094	1.10956
-8.10E-01	2.38031	1.10662
-8.08E-01	2.36781	1.10434
-8.06E-01	2.35625	1.10309
-8.04E-01	2.34313	1.102
-8.02E-01	2.33125	1.10031
-8.00E-01	2.32219	1.09816
-7.98E-01	2.31344	1.09656
-7.96E-01	2.305	1.09578
-7.94E-01	2.29312	1.09547
-7.92E-01	2.28313	1.09466
-7.90E-01	2.27375	1.09369
-7.88E-01	2.26031	1.09284
-7.86E-01	2.24969	1.09322
-7.84E-01	2.23781	1.09372
-7.82E-01	2.23	1.09356
-7.80E-01	2.22	1.09363
-7.78E-01	2.21094	1.09384
-7.76E-01	2.2	1.09503
-7.74E-01	2.18969	1.09675
-7.72E-01	2.1775	1.09769
-7.70E-01	2.16656	1.09822
-7.68E-01	2.15469	1.09953
-7.66E-01	2.1425	1.10166
-7.64E-01	2.13219	1.10419
-7.62E-01	2.12125	1.10597
-7.60E-01	2.11063	1.10725
-7.58E-01	2.09969	1.10925
-7.56E-01	2.09031	1.11234
-7.54E-01	2.07875	1.11563
-7.52E-01	2.06844	1.11775
-7.50E-01	2.05688	1.11928
-7.48E-01	2.04656	1.12131
-7.46E-01	2.03344	1.12444
-7.44E-01	2.02469	1.12753
-7.42E-01	2.01406	1.13041
-7.40E-01	2.00406	1.13219
-7.38E-01	1.99531	1.13459
-7.36E-01	1.98531	1.13797
-7.34E-01	1.97281	1.14112
-7.32E-01	1.96281	1.14353
-7.30E-01	1.95406	1.14512
-7.28E-01	1.94312	1.14728
-7.26E-01	1.93094	1.15072
-7.24E-01	1.92156	1.15366
-7.22E-01	1.91156	1.15591
-7.20E-01	1.89969	1.15756
-7.18E-01	1.88875	1.15903
-7.16E-01	1.87781	1.16175
-7.14E-01	1.86625	1.16437
-7.12E-01	1.85594	1.16556
-7.10E-01	1.84438	1.16641
-7.08E-01	1.83281	1.16741
-7.06E-01	1.8225	1.16875
-7.04E-01	1.81188	1.17013
-7.02E-01	1.80188	1.17059
-7.00E-01	1.78937	1.17044
-6.98E-01	1.78	1.17047
-6.96E-01	1.76906	1.171
-6.94E-01	1.7575	1.17141
-6.92E-01	1.74969	1.171
-6.90E-01	1.73875	1.16969
-6.88E-01	1.72875	1.16906
-6.86E-01	1.72	1.16887
-6.84E-01	1.71156	1.16853
-6.82E-01	1.7	1.16728
-6.80E-01	1.68969	1.16541
-6.78E-01	1.67813	1.16338
-6.76E-01	1.66656	1.162
-6.74E-01	1.65469	1.16075
-6.72E-01	1.64469	1.15787
-6.70E-01	1.63594	1.15481
-6.68E-01	1.62344	1.15216
-6.66E-01	1.61187	1.15041
-6.64E-01	1.59719	1.14884
-6.62E-01	1.58781	1.14594
-6.60E-01	1.57625	1.14284
-6.58E-01	1.56469	1.13991
-6.56E-01	1.555	1.13762
-6.54E-01	1.545	1.13522
-6.52E-01	1.53438	1.13209
-6.50E-01	1.52344	1.12825
-6.48E-01	1.5125	1.12556
-6.46E-01	1.5025	1.12316
-6.44E-01	1.49375	1.12109
-6.42E-01	1.48469	1.11875
-6.40E-01	1.47594	1.11569
-6.38E-01	1.465	1.11266
-6.36E-01	1.45625	1.11072
-6.34E-01	1.4425	1.10884
-6.32E-01	1.4325	1.10662
-6.30E-01	1.42219	1.10372
-6.28E-01	1.41375	1.10116
-6.26E-01	1.40125	1.10025
-6.24E-01	1.38781	1.09866
-6.22E-01	1.37563	1.09712
-6.20E-01	1.36625	1.09519
-6.18E-01	1.35469	1.09291
-6.16E-01	1.34438	1.09294
-6.14E-01	1.33187	1.09238
-6.12E-01	1.32094	1.09106
-6.10E-01	1.31031	1.08975
-6.08E-01	1.29844	1.08897
-6.06E-01	1.28844	1.0895
-6.04E-01	1.27625	1.09044
-6.02E-01	1.2675	1.09019
-6.00E-01	1.25719	1.09019
-5.98E-01	1.24719	1.09019
-5.96E-01	1.23656	1.09144
-5.94E-01	1.22469	1.09353
-5.92E-01	1.21719	1.094
-5.90E-01	1.20844	1.09481
-5.88E-01	1.19969	1.09628
-5.86E-01	1.19063	1.09775
-5.84E-01	1.18125	1.10025
-5.82E-01	1.17188	1.10216
-5.80E-01	1.16344	1.10309
-5.78E-01	1.15406	1.10534
-5.76E-01	1.14156	1.10747
-5.74E-01	1.12906	1.11091
-5.72E-01	1.1175	1.11391
-5.70E-01	1.10656	1.11547
-5.68E-01	1.09875	1.11803
-5.66E-01	1.08719	1.12084
-5.64E-01	1.07469	1.12356
-5.62E-01	1.06469	1.12681
-5.60E-01	1.05375	1.12856
-5.58E-01	1.04531	1.13144
-5.56E-01	1.03281	1.13516
-5.54E-01	1.02156	1.13859
-5.52E-01	1.01156	1.14153
-5.50E-01	1.00313	1.14378
-5.48E-01	0.992188	1.14619
-5.46E-01	0.980625	1.14994
-5.44E-01	0.969688	1.15328
-5.42E-01	0.957813	1.1555
-5.40E-01	0.947813	1.15794
-5.38E-01	0.937813	1.1595
-5.36E-01	0.927813	1.16269
-5.34E-01	0.91625	1.16562
-5.32E-01	0.905938	1.16663
-5.30E-01	0.895938	1.16822
-5.28E-01	0.886563	1.16906
-5.26E-01	0.875	1.17109
-5.24E-01	0.86375	1.17334
-5.22E-01	0.852812	1.17372
-5.20E-01	0.842812	1.17403
-5.18E-01	0.831875	1.17444
-5.16E-01	0.820312	1.17519
-5.14E-01	0.809688	1.17622
-5.12E-01	0.799375	1.1765
-5.10E-01	0.789375	1.17566
-5.08E-01	0.779375	1.17556
-5.06E-01	0.77	1.1755
-5.04E-01	0.75875	1.17566
-5.02E-01	0.749688	1.17491
-5.00E-01	0.739688	1.17309
-4.98E-01	0.73	1.17169
-4.96E-01	0.720625	1.17069
-4.94E-01	0.708438	1.16997
-4.92E-01	0.695	1.16806
-4.90E-01	0.686562	1.16547
-4.88E-01	0.674375	1.16306
-4.86E-01	0.663438	1.16138
-4.84E-01	0.651563	1.1595
-4.82E-01	0.640625	1.15647
-4.80E-01	0.628437	1.15288
-4.78E-01	0.619062	1.14994
-4.76E-01	0.6075	1.14769
-4.74E-01	0.597812	1.14572
-4.72E-01	0.585313	1.14278
-4.70E-01	0.576875	1.13909
-4.68E-01	0.567813	1.13569
-4.66E-01	0.558125	1.13312
-4.64E-01	0.546875	1.13056
-4.62E-01	0.5375	1.12747
-4.60E-01	0.528125	1.12413
-4.58E-01	0.51875	1.12122
-4.56E-01	0.507812	1.11959
-4.54E-01	0.4975	1.11744
-4.52E-01	0.4875	1.11516
-4.50E-01	0.476875	1.11153
-4.48E-01	0.468125	1.10862
-4.46E-01	0.457813	1.107
-4.44E-01	0.446563	1.10522
-4.42E-01	0.437812	1.10344
-4.40E-01	0.43	1.10103
-4.38E-01	0.419687	1.09897
-4.36E-01	0.4075	1.09797
-4.34E-01	0.395937	1.09706
-4.32E-01	0.386563	1.09547
-4.30E-01	0.37625	1.09447
-4.28E-01	0.36625	1.09284
-4.26E-01	0.354375	1.09275
-4.24E-01	0.344375	1.09284
-4.22E-01	0.335938	1.09228
-4.20E-01	0.325	1.09169
-4.18E-01	0.3125	1.09059
-4.16E-01	0.300312	1.09128
-4.14E-01	0.290625	1.09206
-4.12E-01	0.279062	1.09259
-4.10E-01	0.27	1.09247
-4.08E-01	0.259688	1.09372
-4.06E-01	0.248125	1.09503
-4.04E-01	0.2425	1.09719
-4.02E-01	0.249688	1.09847
-4.00E-01	0.260625	1.09866
-3.98E-01	0.27125	1.09959
-3.96E-01	0.282187	1.10025
-3.94E-01	0.2925	1.10134
-3.92E-01	0.303125	1.10125
-3.90E-01	0.314063	1.10047
-3.88E-01	0.325625	1.09984
-3.86E-01	0.335938	1.10041
-3.84E-01	0.344687	1.09959
-3.82E-01	0.35375	1.09931
-3.80E-01	0.365312	1.09691
-3.78E-01	0.375625	1.09625
-3.76E-01	0.38625	1.09519
-3.74E-01	0.394375	1.09534
-3.72E-01	0.404375	1.09384
-3.70E-01	0.415313	1.09306
-3.68E-01	0.4275	1.09128
-3.66E-01	0.435625	1.09222
-3.64E-01	0.446563	1.09169
-3.62E-01	0.455625	1.09206
-3.60E-01	0.465	1.09081
-3.58E-01	0.478125	1.09091
-3.56E-01	0.488125	1.09159
-3.54E-01	0.497812	1.09331
-3.52E-01	0.508437	1.09363
-3.50E-01	0.518437	1.09409
-3.48E-01	0.53125	1.09466
-3.46E-01	0.540625	1.09656
-3.44E-01	0.55	1.09853
-3.42E-01	0.559688	1.09994
-3.40E-01	0.57	1.10116
-3.38E-01	0.580313	1.10231
-3.36E-01	0.58875	1.10484
-3.34E-01	0.599688	1.10694
-3.32E-01	0.610625	1.10956
-3.30E-01	0.62125	1.11066
-3.28E-01	0.63125	1.11363
-3.26E-01	0.6425	1.11616
-3.24E-01	0.6525	1.11938
-3.22E-01	0.664687	1.12116
-3.20E-01	0.675	1.12347
-3.18E-01	0.686562	1.12575
-3.16E-01	0.6975	1.12956
-3.14E-01	0.705937	1.13297
-3.12E-01	0.716875	1.13625
-3.10E-01	0.728437	1.13856
-3.08E-01	0.737812	1.14112
-3.06E-01	0.748125	1.14447
-3.04E-01	0.7575	1.14791
-3.02E-01	0.768125	1.15053
-3.00E-01	0.779375	1.1525
-2.98E-01	0.789375	1.15484
-2.96E-01	0.8	1.15819
-2.94E-01	0.810312	1.16175
-2.92E-01	0.820937	1.164
-2.90E-01	0.834375	1.16525
-2.88E-01	0.845938	1.16666
-2.86E-01	0.856875	1.16897
-2.84E-01	0.867188	1.17106
-2.82E-01	0.879688	1.17225
-2.80E-01	0.890938	1.17272
-2.78E-01	0.900625	1.17331
-2.76E-01	0.91125	1.17459
-2.74E-01	0.92125	1.17581
-2.72E-01	0.934063	1.17606
-2.70E-01	0.944063	1.17566
-2.68E-01	0.95625	1.17556
-2.66E-01	0.965938	1.17588
-2.64E-01	0.974375	1.17597
-2.62E-01	0.985313	1.17556
-2.60E-01	0.996875	1.17403
-2.58E-01	1.00469	1.17284
-2.56E-01	1.01562	1.17237
-2.54E-01	1.02625	1.17169
-2.52E-01	1.035	1.17031
-2.50E-01	1.04531	1.16837
-2.48E-01	1.05438	1.16656
-2.46E-01	1.06375	1.16516
-2.44E-01	1.0725	1.16422
-2.42E-01	1.08844	1.16138
-2.40E-01	1.09969	1.15847
-2.38E-01	1.11281	1.15481
-2.36E-01	1.12375	1.15312
-2.34E-01	1.13375	1.15041
-2.32E-01	1.14625	1.14797
-2.30E-01	1.15688	1.14431
-2.28E-01	1.16563	1.14194
-2.26E-01	1.17344	1.13894
-2.24E-01	1.18281	1.13725
-2.22E-01	1.19281	1.13344
-2.20E-01	1.20375	1.12994
-2.18E-01	1.21313	1.12603
-2.16E-01	1.22406	1.12387
-2.14E-01	1.2325	1.12147
-2.12E-01	1.24188	1.11938
-2.10E-01	1.25406	1.11609
-2.08E-01	1.26438	1.11409
-2.06E-01	1.27313	1.11175
-2.04E-01	1.2825	1.11003
-2.02E-01	1.29156	1.10778
-2.00E-01	1.3025	1.10466
-1.98E-01	1.31344	1.10234
-1.96E-01	1.325	1.10078
-1.94E-01	1.33281	1.10006
-1.92E-01	1.34469	1.09775
-1.90E-01	1.35438	1.09619
-1.88E-01	1.36688	1.09356
-1.86E-01	1.37781	1.09403
-1.84E-01	1.38813	1.09259
-1.82E-01	1.39969	1.09306
-1.80E-01	1.40969	1.08944
-1.78E-01	1.41906	1.09019
-1.76E-01	1.42844	1.0885
-1.74E-01	1.44	1.09091
-1.72E-01	1.4525	1.08944
-1.70E-01	1.46406	1.09038
-1.68E-01	1.47594	1.08909
-1.66E-01	1.48375	1.09147
-1.64E-01	1.49156	1.09262
-1.62E-01	1.50219	1.09369
-1.60E-01	1.5125	1.09447
-1.58E-01	1.52469	1.09509
-1.56E-01	1.53406	1.09797
-1.54E-01	1.545	1.09944
-1.52E-01	1.5575	1.102
-1.50E-01	1.56937	1.102
-1.48E-01	1.57937	1.10466
-1.46E-01	1.59031	1.10631
-1.44E-01	1.59969	1.11081
-1.42E-01	1.61219	1.11266
-1.40E-01	1.62281	1.11509
-1.38E-01	1.63438	1.11666
-1.36E-01	1.64469	1.11969
-1.34E-01	1.65531	1.12216
-1.32E-01	1.66656	1.12491
-1.30E-01	1.6775	1.12675
-1.28E-01	1.68531	1.12931
-1.26E-01	1.69594	1.13306
-1.24E-01	1.70594	1.13656
-1.22E-01	1.71687	1.13959
-1.20E-01	1.72625	1.14169
-1.18E-01	1.73875	1.14378
-1.16E-01	1.74906	1.14672
-1.14E-01	1.76031	1.14962
-1.12E-01	1.77313	1.15187
-1.10E-01	1.78375	1.1535
-1.08E-01	1.7925	1.15553
-1.06E-01	1.80469	1.15872
-1.04E-01	1.815	1.16159
-1.02E-01	1.82656	1.16347
-1.00E-01	1.83969	1.16437
-9.80E-02	1.84781	1.16547
-9.60E-02	1.86	1.16712
-9.40E-02	1.87031	1.1685
-9.20E-02	1.88031	1.16934
-9.00E-02	1.88969	1.16938
-8.80E-02	1.90063	1.16959
-8.60E-02	1.91312	1.17063
-8.40E-02	1.92312	1.17141
-8.20E-02	1.93406	1.17156
-8.00E-02	1.945	1.17047
-7.80E-02	1.95656	1.16984
-7.60E-02	1.9675	1.1695
-7.40E-02	1.9775	1.16959
-7.20E-02	1.98625	1.16837
-7.00E-02	2.00062	1.16688
-6.80E-02	2.0125	1.16509
-6.60E-02	2.02312	1.16409
-6.40E-02	2.02937	1.16322
-6.20E-02	2.04062	1.16144
-6.00E-02	2.05	1.15863
-5.80E-02	2.06438	1.15538
-5.60E-02	2.07469	1.15356
-5.40E-02	2.0825	1.15166
-5.20E-02	2.09187	1.14922
-5.00E-02	2.10406	1.14619
-4.80E-02	2.11375	1.14403
-4.60E-02	2.12438	1.14178
-4.40E-02	2.13469	1.14034
-4.20E-02	2.14844	1.13672
-4.00E-02	2.15875	1.13366
-3.80E-02	2.16812	1.12994
-3.60E-02	2.18125	1.12763
-3.40E-02	2.19063	1.12544
-3.20E-02	2.20312	1.12309
-3.00E-02	2.21469	1.12006
-2.80E-02	2.22375	1.11781
-2.60E-02	2.23344	1.11616
-2.40E-02	2.245	1.11431
-2.20E-02	2.25438	1.11184
-2.00E-02	2.26438	1.10856
-1.80E-02	2.27594	1.10581
-1.60E-02	2.28719	1.10434
-1.40E-02	2.29563	1.10359
-1.20E-02	2.30625	1.10156
-1.00E-02	2.3175	1.09953
-8.00E-03	2.32563	1.09769
-6.00E-03	2.33531	1.09703
-4.00E-03	2.3475	1.09619
-2.00E-03	2.35688	1.09572
1.00E-15	2.36844	1.09431
2.00E-03	2.38031	1.09356
4.00E-03	2.39094	1.09322
6.00E-03	2.40125	1.09353
8.00E-03	2.41281	1.09337
1.00E-02	2.42094	1.09309
1.20E-02	2.43063	1.09306
1.40E-02	2.44094	1.09431
1.60E-02	2.45125	1.09587
1.80E-02	2.45875	1.09675
2.00E-02	2.46719	1.09712
2.20E-02	2.47594	1.09784
2.40E-02	2.48313	1.09963
2.60E-02	2.49219	1.10163
2.80E-02	2.50313	1.10328
3.00E-02	2.5125	1.10438
3.20E-02	2.52406	1.10653
3.40E-02	2.53281	1.10919
3.60E-02	2.54125	1.11275
3.80E-02	2.55063	1.11494
4.00E-02	2.55844	1.11694
4.20E-02	2.56781	1.11875
4.40E-02	2.57719	1.12153
4.60E-02	2.58781	1.12481
4.80E-02	2.59781	1.12731
5.00E-02	2.60906	1.12953
5.20E-02	2.61906	1.13234
5.40E-02	2.62906	1.13622
5.60E-02	2.64062	1.14006
5.80E-02	2.655	1.14309
6.00E-02	2.66625	1.14509
6.20E-02	2.67656	1.14753
6.40E-02	2.685	1.15072
6.60E-02	2.695	1.15437
6.80E-02	2.70688	1.15694
7.00E-02	2.71687	1.15925
7.20E-02	2.72719	1.16144
7.40E-02	2.73719	1.16469
7.60E-02	2.74656	1.16756
7.80E-02	2.75594	1.16966
8.00E-02	2.76656	1.17069
8.20E-02	2.77844	1.17156
8.40E-02	2.78563	1.1735
8.60E-02	2.79625	1.17572
8.80E-02	2.80625	1.17659
9.00E-02	2.815	1.17697
9.20E-02	2.82437	1.17753
9.40E-02	2.83594	1.17837
9.60E-02	2.84625	1.17953
9.80E-02	2.85781	1.17988
1.00E-01	2.87	1.17884
1.02E-01	2.88125	1.17822
1.04E-01	2.89188	1.17816
1.06E-01	2.90281	1.17825
1.08E-01	2.91281	1.17747
1.10E-01	2.92531	1.17581
1.12E-01	2.93562	1.1745
1.14E-01	2.94625	1.17394
1.16E-01	2.95594	1.17316
1.18E-01	2.96813	1.17153
1.20E-01	2.98	1.16897
1.22E-01	2.99	1.16678
1.24E-01	3.00094	1.16531
1.26E-01	3.01	1.16369
1.28E-01	3.02094	1.16091
1.30E-01	3.03125	1.15747
1.32E-01	3.04219	1.15428
1.34E-01	3.05219	1.15216
1.36E-01	3.06	1.15006
1.38E-01	3.06937	1.14728
1.40E-01	3.0825	1.14394
1.42E-01	3.09469	1.14084
1.44E-01	3.10562	1.13794
1.46E-01	3.11656	1.13553
1.48E-01	3.12594	1.13197
1.50E-01	3.13687	1.12837
1.52E-01	3.14781	1.12522
1.54E-01	3.15781	1.123
1.56E-01	3.16812	1.12091
1.58E-01	3.18063	1.11897
1.60E-01	3.19156	1.11578
1.62E-01	3.20156	1.11266
1.64E-01	3.21563	1.11028
1.66E-01	3.22625	1.10872
1.68E-01	3.23719	1.10644
1.70E-01	3.2475	1.10381
1.72E-01	3.2575	1.10147
1.74E-01	3.26906	1.10056
1.76E-01	3.2775	1.09944
1.78E-01	3.28875	1.09806
1.80E-01	3.3025	1.09603
1.82E-01	3.31281	1.09434
1.84E-01	3.32063	1.09419
1.86E-01	3.32875	1.09394
1.88E-01	3.33844	1.09322
1.90E-01	3.34906	1.09184
1.92E-01	3.36094	1.09116
1.94E-01	3.3725	1.09159
1.96E-01	3.38344	1.09278
1.98E-01	3.39406	1.09275
2.00E-01	3.4075	1.09331
2.02E-01	3.41625	1.09322
2.04E-01	3.42906	1.09503
2.06E-01	3.44	1.09656
2.08E-01	3.45188	1.09753
2.10E-01	3.46281	1.09831
2.12E-01	3.47188	1.09978
2.14E-01	3.48281	1.10181
2.16E-01	3.4925	1.10522
2.18E-01	3.50375	1.10653
2.20E-01	3.51719	1.10834
2.22E-01	3.52875	1.11003
2.24E-01	3.53812	1.11322
2.26E-01	3.54688	1.11647
2.28E-01	3.55844	1.11872
2.30E-01	3.5675	1.12016
2.32E-01	3.57719	1.12237
2.34E-01	3.58969	1.1255
2.36E-01	3.59813	1.12891
2.38E-01	3.60562	1.13181
2.40E-01	3.615	1.13384
2.42E-01	3.62531	1.13641
2.44E-01	3.63687	1.13966
2.46E-01	3.64562	1.14306
2.48E-01	3.65563	1.14562
2.50E-01	3.66969	1.14744
2.52E-01	3.68375	1.14944
2.54E-01	3.69375	1.15272
2.56E-01	3.70219	1.15606
2.58E-01	3.71313	1.15866
2.60E-01	3.7225	1.16041
2.62E-01	3.73188	1.16228
2.64E-01	3.74344	1.16472
2.66E-01	3.75188	1.16703
2.68E-01	3.76219	1.16822
2.70E-01	3.77375	1.16881
2.72E-01	3.7825	1.16959
2.74E-01	3.79188	1.171
2.76E-01	3.80187	1.17269
2.78E-01	3.80938	1.17325
2.80E-01	3.81906	1.17316
2.82E-01	3.82875	1.17287
2.84E-01	3.83813	1.17341
2.86E-01	3.84781	1.17403
2.88E-01	3.85844	1.17372
2.90E-01	3.86844	1.17256
2.92E-01	3.88031	1.17162
2.94E-01	3.88969	1.17141
2.96E-01	3.89969	1.17138
2.98E-01	3.91531	1.17006
3.00E-01	3.92625	1.16822
3.02E-01	3.93719	1.166
3.04E-01	3.94625	1.165
3.06E-01	3.95656	1.16331
3.08E-01	3.96719	1.16119
3.10E-01	3.98	1.15831
3.12E-01	3.99156	1.15538
3.14E-01	4.00219	1.15375
3.16E-01	4.01	1.15231
3.18E-01	4.01938	1.14953
3.20E-01	4.03031	1.14628
3.22E-01	4.04219	1.14331
3.24E-01	4.05156	1.14069
3.26E-01	4.06281	1.13878
3.28E-01	4.0725	1.13578
3.30E-01	4.08312	1.13234
3.32E-01	4.095	1.12894
3.34E-01	4.10594	1.12681
3.36E-01	4.11594	1.12459
3.38E-01	4.12625	1.12247
3.40E-01	4.13781	1.11928
3.42E-01	4.15	1.11697
3.44E-01	4.16031	1.11472
3.46E-01	4.16969	1.11266
3.48E-01	4.18125	1.11034
3.50E-01	4.19313	1.10737
3.52E-01	4.20281	1.10491
3.54E-01	4.2125	1.10391
3.56E-01	4.22156	1.10281
3.58E-01	4.2325	1.10147
3.60E-01	4.24188	1.09947
3.62E-01	4.25219	1.0975
3.64E-01	4.26531	1.09681
3.66E-01	4.27531	1.0965
3.68E-01	4.28563	1.09578
3.70E-01	4.29563	1.09494
3.72E-01	4.30625	1.09419
3.74E-01	4.31656	1.09472
3.76E-01	4.32656	1.09566
3.78E-01	4.33594	1.0955
3.80E-01	4.34625	1.09534
3.82E-01	4.35781	1.09541
3.84E-01	4.36781	1.09675
3.86E-01	4.37781	1.09847
3.88E-01	4.38813	1.09963
3.90E-01	4.40031	1.10072
3.92E-01	4.41281	1.10166
3.94E-01	4.42406	1.10375
3.96E-01	4.43625	1.10647
3.98E-01	4.445	1.1085
4.00E-01	4.455	1.11025
4.02E-01	4.46656	1.11259
4.04E-01	4.47687	1.11578
4.06E-01	4.48531	1.11844
4.08E-01	4.49469	1.12047
4.10E-01	4.50687	1.12231
4.12E-01	4.51875	1.12444
4.14E-01	4.52813	1.12791
4.16E-01	4.53812	1.13156
4.18E-01	4.5475	1.13494
4.20E-01	4.55781	1.13731
4.22E-01	4.56844	1.13972
4.24E-01	4.57844	1.14309
4.26E-01	4.58719	1.14659
4.28E-01	4.59813	1.14947
4.30E-01	4.60969	1.15147
4.32E-01	4.62	1.15387
4.34E-01	4.62906	1.15778
4.36E-01	4.63844	1.16169
4.38E-01	4.65094	1.16441
4.40E-01	4.66281	1.16609
4.42E-01	4.67281	1.16787
4.44E-01	4.68281	1.17016
4.46E-01	4.69281	1.17284
4.48E-01	4.70219	1.17441
4.50E-01	4.71531	1.1755
4.52E-01	4.72406	1.1765
4.54E-01	4.735	1.178
4.56E-01	4.74344	1.18016
4.58E-01	4.75531	1.18119
4.60E-01	4.76594	1.18109
4.62E-01	4.77438	1.18103
4.64E-01	4.78469	1.18197
4.66E-01	4.79406	1.18312
4.68E-01	4.80406	1.18275
4.70E-01	4.81281	1.18203
4.72E-01	4.82531	1.18103
4.74E-01	4.83812	1.18087
4.76E-01	4.84594	1.18072
4.78E-01	4.85625	1.17978
4.80E-01	4.86719	1.17775
4.82E-01	4.87812	1.17613
4.84E-01	4.88719	1.17497
4.86E-01	4.89656	1.17413
4.88E-01	4.90844	1.17222
4.90E-01	4.91906	1.16969
4.92E-01	4.93031	1.16744
4.94E-01	4.94	1.16534
4.96E-01	4.94875	1.16394
4.98E-01	4.96125	1.16138
5.00E-01	4.97375	1.158
5.02E-01	4.98313	1.1545
5.04E-01	4.99375	1.15181
5.06E-01	5.00094	1.14969
5.08E-01	5.01031	1.14628
5.10E-01	5.02125	1.14294
5.12E-01	5.03125	1.14013
5.14E-01	5.04125	1.13734
5.16E-01	5.05125	1.13516
5.18E-01	5.05938	1.13209
5.20E-01	5.06937	1.12831
5.22E-01	5.07844	1.12481
5.24E-01	5.08656	1.12247
5.26E-01	5.09438	1.12069
5.28E-01	5.10125	1.11875
5.30E-01	5.10719	1.11569
5.32E-01	5.11281	1.11266
5.34E-01	5.12	1.11059
5.36E-01	5.12781	1.10884
5.38E-01	5.13687	1.10653
5.40E-01	5.14531	1.10422
5.42E-01	5.15625	1.10181
5.44E-01	5.16656	1.10094
5.46E-01	5.17594	1.09994
5.48E-01	5.18594	1.09853
5.50E-01	5.1975	1.09675
5.52E-01	5.20906	1.09509
5.54E-01	5.21719	1.09494
5.56E-01	5.22781	1.09531
5.58E-01	5.23781	1.09481
5.60E-01	5.24594	1.09409
5.62E-01	5.25531	1.09369
5.64E-01	5.26594	1.0945
5.66E-01	5.27313	1.09547
5.68E-01	5.2825	1.09597
5.70E-01	5.29469	1.09641
5.72E-01	5.30625	1.09675
5.74E-01	5.31719	1.09847
5.76E-01	5.32531	1.10072
5.78E-01	5.335	1.10219
5.80E-01	5.34687	1.10303
5.82E-01	5.35406	1.10444
5.84E-01	5.365	1.10691
5.86E-01	5.37656	1.11013
5.88E-01	5.38438	1.11253
5.90E-01	5.39531	1.11437
5.92E-01	5.4075	1.11625
5.94E-01	5.41938	1.11903
5.96E-01	5.43	1.12153
5.98E-01	5.44031	1.12444
6.00E-01	5.45094	1.12619
6.02E-01	5.46344	1.12869
6.04E-01	5.47344	1.13209
6.06E-01	5.48313	1.13591
6.08E-01	5.49313	1.13888
6.10E-01	5.5025	1.14097
6.12E-01	5.49875	1.14284
6.14E-01	5.4875	1.1455
6.16E-01	5.47594	1.14781
6.18E-01	5.46438	1.14881
6.20E-01	5.4525	1.14884
6.22E-01	5.4425	1.14837
6.24E-01	5.4325	1.14828
6.26E-01	5.42	1.14816
6.28E-01	5.40813	1.14706
6.30E-01	5.39813	1.14503
6.32E-01	5.38906	1.14341
6.34E-01	5.37719	1.14222
6.36E-01	5.365	1.14122
6.38E-01	5.35688	1.13894
6.40E-01	5.34625	1.13591
6.42E-01	5.3375	1.13291
6.44E-01	5.32656	1.13081
6.46E-01	5.31719	1.12909
6.48E-01	5.30875	1.12653
6.50E-01	5.29719	1.12331
6.52E-01	5.28563	1.12062
6.54E-01	5.27625	1.11872
6.56E-01	5.26594	1.11741
6.58E-01	5.25531	1.11503
6.60E-01	5.24594	1.11213
6.62E-01	5.23656	1.10931
6.64E-01	5.22406	1.10741
6.66E-01	5.21625	1.10597
6.68E-01	5.20625	1.10403
6.70E-01	5.19531	1.1015
6.72E-01	5.18594	1.09963
6.74E-01	5.1725	1.09859
6.76E-01	5.16094	1.09813
6.78E-01	5.15	1.09712
6.80E-01	5.14156	1.09572
6.82E-01	5.13219	1.09472
6.84E-01	5.12688	1.09447
6.86E-01	5.11813	1.09472
6.88E-01	5.10906	1.09472
6.90E-01	5.10344	1.094
6.92E-01	5.09719	1.09378
6.94E-01	5.09031	1.09478
6.96E-01	5.08188	1.09641
6.98E-01	5.07406	1.09728
7.00E-01	5.06625	1.09753
7.02E-01	5.05469	1.09816
7.04E-01	5.04438	1.09975
7.06E-01	5.0325	1.10187
7.08E-01	5.02438	1.10366
7.10E-01	5.01719	1.10506
7.12E-01	5.00844	1.10659
7.14E-01	4.99906	1.10931
7.16E-01	4.99	1.1125
7.18E-01	4.98156	1.11509
7.20E-01	4.97063	1.11703
7.22E-01	4.96188	1.11922
7.24E-01	4.94969	1.12147
7.26E-01	4.93719	1.12481
7.28E-01	4.92687	1.12747
7.30E-01	4.91594	1.12994
7.32E-01	4.90594	1.13228
7.34E-01	4.89375	1.13622
7.36E-01	4.88281	1.14006
7.38E-01	4.8725	1.14341
7.40E-01	4.86156	1.14528
7.42E-01	4.85094	1.14766
7.44E-01	4.84281	1.15041
7.46E-01	4.83188	1.15366
7.48E-01	4.82188	1.15628
7.50E-01	4.81187	1.15878
7.52E-01	4.8025	1.16091
7.54E-01	4.79094	1.16409
7.56E-01	4.77937	1.16712
7.58E-01	4.77156	1.16944
7.60E-01	4.76219	1.17078
7.62E-01	4.75063	1.17203
7.64E-01	4.74031	1.17381
7.66E-01	4.72719	1.17591
7.68E-01	4.71625	1.17722
7.70E-01	4.70594	1.178
7.72E-01	4.69469	1.17872
7.74E-01	4.68375	1.18034
7.76E-01	4.67344	1.18191
7.78E-01	4.66188	1.18234
7.80E-01	4.65094	1.18213
7.82E-01	4.6425	1.18172
7.84E-01	4.63063	1.18203
7.86E-01	4.62	1.18244
7.88E-01	4.61281	1.18219
7.90E-01	4.60344	1.18078
7.92E-01	4.5925	1.17947
7.94E-01	4.58312	1.17894
7.96E-01	4.56937	1.17863
7.98E-01	4.55938	1.17722
8.00E-01	4.55	1.17512
8.02E-01	4.54188	1.17278
8.04E-01	4.5325	1.17125
8.06E-01	4.52094	1.16991
8.08E-01	4.51187	1.16781
8.10E-01	4.50219	1.16494
8.12E-01	4.4925	1.16166
8.14E-01	4.48125	1.15931
8.16E-01	4.46969	1.15722
8.18E-01	4.46063	1.15428
8.20E-01	4.45125	1.15072
8.22E-01	4.44156	1.14728
8.24E-01	4.43156	1.14463
8.26E-01	4.4175	1.14237
8.28E-01	4.4075	1.13928
8.30E-01	4.39875	1.13544
8.32E-01	4.3875	1.13172
8.34E-01	4.37625	1.12922
8.36E-01	4.36531	1.12731
8.38E-01	4.35625	1.12456
8.40E-01	4.34469	1.12147
8.42E-01	4.33344	1.11891
8.44E-01	4.32437	1.11681
8.46E-01	4.31281	1.11525
8.48E-01	4.30313	1.11253
8.50E-01	4.29406	1.10941
8.52E-01	4.28531	1.10669
8.54E-01	4.27375	1.10497
8.56E-01	4.26344	1.10387
8.58E-01	4.25219	1.10219
8.60E-01	4.24188	1.09994
8.62E-01	4.2325	1.098
8.64E-01	4.22313	1.09728
8.66E-01	4.21063	1.09706
8.68E-01	4.19906	1.0965
8.70E-01	4.18656	1.09503
8.72E-01	4.17719	1.09419
8.74E-01	4.16563	1.09425
8.76E-01	4.15344	1.09525
8.78E-01	4.14156	1.09556
8.80E-01	4.12969	1.09547
8.82E-01	4.12063	1.09572
8.84E-01	4.11031	1.09706
8.86E-01	4.09813	1.09838
8.88E-01	4.08781	1.09953
8.90E-01	4.07688	1.10025
8.92E-01	4.06531	1.10163
8.94E-01	4.05438	1.10387
8.96E-01	4.04375	1.10659
8.98E-01	4.03437	1.10862
9.00E-01	4.02344	1.11028
9.02E-01	4.01469	1.11169
9.04E-01	4.00406	1.11437
9.06E-01	3.99375	1.11719
9.08E-01	3.98531	1.11969
9.10E-01	3.97375	1.12141
9.12E-01	3.96281	1.1235
9.14E-01	3.9525	1.12637
9.16E-01	3.93844	1.12994
9.18E-01	3.92906	1.13272
9.20E-01	3.91781	1.13553
9.22E-01	3.90969	1.13772
9.24E-01	3.89813	1.14084
9.26E-01	3.88563	1.14394
9.28E-01	3.87562	1.14656
9.30E-01	3.86563	1.14813
9.32E-01	3.85688	1.15037
9.34E-01	3.84625	1.15334
9.36E-01	3.835	1.15675
9.38E-01	3.82531	1.15941
9.40E-01	3.81719	1.16097
9.42E-01	3.80969	1.16237
9.44E-01	3.79875	1.16478
9.46E-01	3.79	1.16694
9.48E-01	3.78	1.16834
9.50E-01	3.77	1.16887
9.52E-01	3.76	1.16981
9.54E-01	3.75188	1.17141
9.56E-01	3.73937	1.17316
9.58E-01	3.73031	1.17378
9.60E-01	3.72	1.17341
9.62E-01	3.71063	1.17334
9.64E-01	3.70156	1.17356
9.66E-01	3.68906	1.17409
9.68E-01	3.67656	1.17381
9.70E-01	3.66344	1.17287
9.72E-01	3.6525	1.172
9.74E-01	3.64	1.17172
9.76E-01	3.63063	1.17153
9.78E-01	3.61969	1.17037
9.80E-01	3.60969	1.1685
9.82E-01	3.59938	1.16656
9.84E-01	3.58937	1.16547
9.86E-01	3.57875	1.16431
9.88E-01	3.56906	1.16234
9.90E-01	3.55906	1.15909
9.92E-01	3.54906	1.156
9.94E-01	3.53812	1.15372
9.96E-01	3.52781	1.15197
9.98E-01	3.51875	1.14931
