time	CH1	CH2
-1.00E+00	1.12281	1.40919
-9.98E-01	1.13469	1.41422
-9.96E-01	1.14563	1.41844
-9.94E-01	1.15688	1.4225
-9.92E-01	1.16656	1.42691
-9.90E-01	1.17656	1.43191
-9.88E-01	1.18656	1.43619
-9.86E-01	1.19531	1.44019
-9.84E-01	1.20469	1.44425
-9.82E-01	1.21406	1.44906
-9.80E-01	1.22375	1.45434
-9.78E-01	1.23344	1.45841
-9.76E-01	1.24406	1.46134
-9.74E-01	1.25438	1.46456
-9.72E-01	1.26219	1.46922
-9.70E-01	1.27156	1.47475
-9.68E-01	1.28094	1.47853
-9.66E-01	1.29375	1.48134
-9.64E-01	1.30469	1.48416
-9.62E-01	1.31438	1.48741
-9.60E-01	1.32438	1.49113
-9.58E-01	1.33688	1.49425
-9.56E-01	1.34688	1.49634
-9.54E-01	1.36	1.49828
-9.52E-01	1.37031	1.50062
-9.50E-01	1.38094	1.50328
-9.48E-01	1.39125	1.50531
-9.46E-01	1.40125	1.50606
-9.44E-01	1.41219	1.50663
-9.42E-01	1.42375	1.50769
-9.40E-01	1.43312	1.50872
-9.38E-01	1.44312	1.50903
-9.36E-01	1.45469	1.50856
-9.34E-01	1.465	1.50816
-9.32E-01	1.47594	1.50809
-9.30E-01	1.48469	1.50809
-9.28E-01	1.49219	1.50663
-9.26E-01	1.50375	1.50428
-9.24E-01	1.515	1.50178
-9.22E-01	1.525	1.49972
-9.20E-01	1.53438	1.49766
-9.18E-01	1.54438	1.49503
-9.16E-01	1.55594	1.49097
-9.14E-01	1.56906	1.48731
-9.12E-01	1.57875	1.48416
-9.10E-01	1.58875	1.48078
-9.08E-01	1.60125	1.47675
-9.06E-01	1.61281	1.47091
-9.04E-01	1.625	1.46472
-9.02E-01	1.63594	1.46041
-9.00E-01	1.64375	1.45594
-8.98E-01	1.65563	1.45116
-8.96E-01	1.665	1.44509
-8.94E-01	1.675	1.43834
-8.92E-01	1.68906	1.43353
-8.90E-01	1.6975	1.42934
-8.88E-01	1.70781	1.42434
-8.86E-01	1.71781	1.4185
-8.84E-01	1.72781	1.41181
-8.82E-01	1.73938	1.40637
-8.80E-01	1.75219	1.40194
-8.78E-01	1.76438	1.39769
-8.76E-01	1.77531	1.39247
-8.74E-01	1.78563	1.38734
-8.72E-01	1.79563	1.38384
-8.70E-01	1.80344	1.38134
-8.68E-01	1.81719	1.37825
-8.66E-01	1.82969	1.37506
-8.64E-01	1.84125	1.37203
-8.62E-01	1.85156	1.36969
-8.60E-01	1.8625	1.36791
-8.58E-01	1.87031	1.36662
-8.56E-01	1.88094	1.36431
-8.54E-01	1.89281	1.36297
-8.52E-01	1.90344	1.36269
-8.50E-01	1.91219	1.36331
-8.48E-01	1.92375	1.363
-8.46E-01	1.93219	1.36275
-8.44E-01	1.9425	1.36316
-8.42E-01	1.955	1.36462
-8.40E-01	1.96656	1.36713
-8.38E-01	1.97969	1.36912
-8.36E-01	1.98781	1.37075
-8.34E-01	2	1.372
-8.32E-01	2.00937	1.37491
-8.30E-01	2.01969	1.37822
-8.28E-01	2.02875	1.38078
-8.26E-01	2.03906	1.38266
-8.24E-01	2.05063	1.38563
-8.22E-01	2.06156	1.39006
-8.20E-01	2.06937	1.39494
-8.18E-01	2.08	1.39878
-8.16E-01	2.09094	1.40181
-8.14E-01	2.10188	1.40538
-8.12E-01	2.11219	1.40987
-8.10E-01	2.12375	1.41581
-8.08E-01	2.13469	1.42078
-8.06E-01	2.1425	1.42444
-8.04E-01	2.15344	1.42841
-8.02E-01	2.1625	1.43328
-8.00E-01	2.175	1.43872
-7.98E-01	2.1875	1.444
-7.96E-01	2.2	1.44775
-7.94E-01	2.21219	1.4515
-7.92E-01	2.22313	1.45609
-7.90E-01	2.23313	1.46097
-7.88E-01	2.24344	1.46509
-7.86E-01	2.25281	1.46881
-7.84E-01	2.26219	1.47266
-7.82E-01	2.27375	1.47697
-7.80E-01	2.2825	1.48128
-7.78E-01	2.29156	1.48509
-7.76E-01	2.3025	1.48734
-7.74E-01	2.31281	1.48988
-7.72E-01	2.32281	1.49341
-7.70E-01	2.33281	1.49719
-7.68E-01	2.34219	1.49956
-7.66E-01	2.35688	1.501
-7.64E-01	2.36687	1.50219
-7.62E-01	2.37875	1.50413
-7.60E-01	2.39125	1.50638
-7.58E-01	2.40187	1.508
-7.56E-01	2.41312	1.50819
-7.54E-01	2.42469	1.508
-7.52E-01	2.4325	1.50847
-7.50E-01	2.44188	1.50897
-7.48E-01	2.45281	1.50881
-7.46E-01	2.45969	1.50772
-7.44E-01	2.46656	1.506
-7.42E-01	2.47656	1.50497
-7.40E-01	2.48281	1.50387
-7.38E-01	2.49219	1.50178
-7.36E-01	2.50094	1.49909
-7.34E-01	2.51094	1.49597
-7.32E-01	2.52125	1.49309
-7.30E-01	2.52813	1.49034
-7.28E-01	2.53812	1.487
-7.26E-01	2.54906	1.48253
-7.24E-01	2.55812	1.47762
-7.22E-01	2.56594	1.47294
-7.20E-01	2.57563	1.46837
-7.18E-01	2.58562	1.46391
-7.16E-01	2.59719	1.45841
-7.14E-01	2.60719	1.45334
-7.12E-01	2.6175	1.44806
-7.10E-01	2.62656	1.443
-7.08E-01	2.63906	1.43762
-7.06E-01	2.64875	1.43144
-7.04E-01	2.66	1.42581
-7.02E-01	2.66938	1.42094
-7.00E-01	2.68125	1.41609
-6.98E-01	2.69281	1.4105
-6.96E-01	2.70219	1.40481
-6.94E-01	2.7125	1.39975
-6.92E-01	2.7225	1.39559
-6.90E-01	2.73094	1.39206
-6.88E-01	2.73969	1.38787
-6.86E-01	2.74969	1.38413
-6.84E-01	2.76063	1.3805
-6.82E-01	2.77156	1.37763
-6.80E-01	2.77937	1.37544
-6.78E-01	2.79094	1.37325
-6.76E-01	2.79937	1.37053
-6.74E-01	2.81125	1.3675
-6.72E-01	2.82563	1.36603
-6.70E-01	2.83531	1.36531
-6.68E-01	2.84781	1.36456
-6.66E-01	2.85938	1.36359
-6.64E-01	2.87	1.36297
-6.62E-01	2.88094	1.36344
-6.60E-01	2.89188	1.36462
-6.58E-01	2.90219	1.36563
-6.56E-01	2.91375	1.36616
-6.54E-01	2.92594	1.36697
-6.52E-01	2.93469	1.36916
-6.50E-01	2.94625	1.37194
-6.48E-01	2.95562	1.37428
-6.46E-01	2.9675	1.37622
-6.44E-01	2.97906	1.37831
-6.42E-01	2.98687	1.38128
-6.40E-01	2.9975	1.38462
-6.38E-01	3.00719	1.38766
-6.36E-01	3.01875	1.39069
-6.34E-01	3.02875	1.39394
-6.32E-01	3.03969	1.39853
-6.30E-01	3.04844	1.40366
-6.28E-01	3.05844	1.40762
-6.26E-01	3.06937	1.41166
-6.24E-01	3.08188	1.41587
-6.22E-01	3.09344	1.42069
-6.20E-01	3.10281	1.42534
-6.18E-01	3.11125	1.42988
-6.16E-01	3.12281	1.43381
-6.14E-01	3.13219	1.43797
-6.12E-01	3.14531	1.44263
-6.10E-01	3.15344	1.44828
-6.08E-01	3.16344	1.45291
-6.06E-01	3.17437	1.45644
-6.04E-01	3.18656	1.45978
-6.02E-01	3.1975	1.46347
-6.00E-01	3.20594	1.4685
-5.98E-01	3.21469	1.47325
-5.96E-01	3.22844	1.47653
-5.94E-01	3.24031	1.4795
-5.92E-01	3.25281	1.48297
-5.90E-01	3.26438	1.48694
-5.88E-01	3.27375	1.49003
-5.86E-01	3.28219	1.49241
-5.84E-01	3.29094	1.49487
-5.82E-01	3.3025	1.49753
-5.80E-01	3.315	1.50025
-5.78E-01	3.32531	1.50188
-5.76E-01	3.33531	1.50291
-5.74E-01	3.3475	1.50366
-5.72E-01	3.35875	1.50531
-5.70E-01	3.36563	1.507
-5.68E-01	3.37625	1.50778
-5.66E-01	3.38813	1.50762
-5.64E-01	3.39906	1.50675
-5.62E-01	3.40906	1.50653
-5.60E-01	3.42094	1.50622
-5.58E-01	3.43375	1.50531
-5.56E-01	3.44313	1.50334
-5.54E-01	3.45562	1.50141
-5.52E-01	3.46906	1.5
-5.50E-01	3.47844	1.49822
-5.48E-01	3.49063	1.49566
-5.46E-01	3.50062	1.49191
-5.44E-01	3.51187	1.48766
-5.42E-01	3.52188	1.48438
-5.40E-01	3.53344	1.48094
-5.38E-01	3.54281	1.47706
-5.36E-01	3.55625	1.47162
-5.34E-01	3.56531	1.46597
-5.32E-01	3.57219	1.46138
-5.30E-01	3.58094	1.45725
-5.28E-01	3.59187	1.45234
-5.26E-01	3.60188	1.44622
-5.24E-01	3.61187	1.43981
-5.22E-01	3.62156	1.43412
-5.20E-01	3.63219	1.429
-5.18E-01	3.6425	1.42403
-5.16E-01	3.65313	1.41853
-5.14E-01	3.665	1.41231
-5.12E-01	3.67563	1.40716
-5.10E-01	3.68688	1.40266
-5.08E-01	3.69969	1.39838
-5.06E-01	3.71406	1.39316
-5.04E-01	3.72469	1.38787
-5.02E-01	3.73344	1.38422
-5.00E-01	3.74188	1.38125
-4.98E-01	3.75125	1.37816
-4.96E-01	3.76063	1.37425
-4.94E-01	3.77	1.37059
-4.92E-01	3.77937	1.36822
-4.90E-01	3.79	1.36672
-4.88E-01	3.80031	1.36516
-4.86E-01	3.81125	1.36281
-4.84E-01	3.81875	1.36122
-4.82E-01	3.82969	1.36019
-4.80E-01	3.83813	1.36025
-4.78E-01	3.8475	1.36034
-4.76E-01	3.85625	1.36009
-4.74E-01	3.86719	1.35987
-4.72E-01	3.87781	1.36097
-4.70E-01	3.8875	1.36328
-4.68E-01	3.89813	1.36484
-4.66E-01	3.9075	1.36647
-4.64E-01	3.91906	1.36781
-4.62E-01	3.93063	1.37059
-4.60E-01	3.94031	1.37356
-4.58E-01	3.95031	1.37691
-4.56E-01	3.95969	1.37916
-4.54E-01	3.97281	1.38141
-4.52E-01	3.98281	1.38416
-4.50E-01	3.99094	1.38903
-4.48E-01	4.00156	1.39331
-4.46E-01	4.01344	1.39659
-4.44E-01	4.02406	1.40025
-4.42E-01	4.035	1.40428
-4.40E-01	4.04344	1.40963
-4.38E-01	4.05375	1.41519
-4.36E-01	4.06531	1.41916
-4.34E-01	4.07688	1.42272
-4.32E-01	4.08812	1.42722
-4.30E-01	4.09656	1.43222
-4.28E-01	4.10969	1.43725
-4.26E-01	4.12437	1.44138
-4.24E-01	4.13531	1.44572
-4.22E-01	4.14625	1.45069
-4.20E-01	4.15719	1.45578
-4.18E-01	4.16969	1.46013
-4.16E-01	4.18219	1.46347
-4.14E-01	4.19281	1.46694
-4.12E-01	4.20375	1.47188
-4.10E-01	4.21406	1.47706
-4.08E-01	4.22469	1.48103
-4.06E-01	4.23562	1.48375
-4.04E-01	4.24656	1.48647
-4.02E-01	4.25687	1.48969
-4.00E-01	4.26656	1.49372
-3.98E-01	4.2775	1.49681
-3.96E-01	4.28688	1.49859
-3.94E-01	4.29875	1.50006
-3.92E-01	4.30781	1.50181
-3.90E-01	4.31656	1.50428
-3.88E-01	4.32688	1.50578
-3.86E-01	4.33656	1.50616
-3.84E-01	4.34844	1.50609
-3.82E-01	4.35875	1.50653
-3.80E-01	4.36937	1.50725
-3.78E-01	4.37938	1.50731
-3.76E-01	4.39062	1.506
-3.74E-01	4.40062	1.50453
-3.72E-01	4.41125	1.5035
-3.70E-01	4.42219	1.50259
-3.68E-01	4.43094	1.50119
-3.66E-01	4.44406	1.49869
-3.64E-01	4.45563	1.49503
-3.62E-01	4.46594	1.49222
-3.60E-01	4.4775	1.48997
-3.58E-01	4.48625	1.48663
-3.56E-01	4.49688	1.48234
-3.54E-01	4.50687	1.47784
-3.52E-01	4.51562	1.4735
-3.50E-01	4.52594	1.46897
-3.48E-01	4.53656	1.46463
-3.46E-01	4.5475	1.45959
-3.44E-01	4.55906	1.45434
-3.42E-01	4.57	1.44884
-3.40E-01	4.57844	1.44356
-3.38E-01	4.58781	1.43778
-3.36E-01	4.59875	1.43181
-3.34E-01	4.60906	1.42597
-3.32E-01	4.62	1.42122
-3.30E-01	4.63063	1.41694
-3.28E-01	4.64062	1.41159
-3.26E-01	4.6525	1.40559
-3.24E-01	4.66125	1.39991
-3.22E-01	4.67188	1.39559
-3.20E-01	4.68187	1.39159
-3.18E-01	4.69125	1.38787
-3.16E-01	4.70375	1.38369
-3.14E-01	4.71687	1.38009
-3.12E-01	4.72656	1.37731
-3.10E-01	4.73656	1.37497
-3.08E-01	4.74656	1.37256
-3.06E-01	4.75594	1.36969
-3.04E-01	4.76313	1.36681
-3.02E-01	4.77531	1.36519
-3.00E-01	4.78719	1.36453
-2.98E-01	4.79406	1.36363
-2.96E-01	4.80656	1.36244
-2.94E-01	4.81906	1.36144
-2.92E-01	4.82969	1.36134
-2.90E-01	4.83844	1.36259
-2.88E-01	4.84938	1.36338
-2.86E-01	4.85875	1.36378
-2.84E-01	4.86688	1.36478
-2.82E-01	4.87469	1.36656
-2.80E-01	4.88656	1.36912
-2.78E-01	4.89813	1.37187
-2.76E-01	4.90906	1.37331
-2.74E-01	4.92156	1.37512
-2.72E-01	4.93156	1.37769
-2.70E-01	4.94	1.38144
-2.68E-01	4.94969	1.38453
-2.66E-01	4.96344	1.38781
-2.64E-01	4.97594	1.39144
-2.62E-01	4.98594	1.39494
-2.60E-01	4.99313	1.39991
-2.58E-01	5.0025	1.40428
-2.56E-01	5.01156	1.40787
-2.54E-01	5.01813	1.41237
-2.52E-01	5.02875	1.41734
-2.50E-01	5.03563	1.42287
-2.48E-01	5.0475	1.42731
-2.46E-01	5.05844	1.43125
-2.44E-01	5.06937	1.43509
-2.42E-01	5.07719	1.43981
-2.40E-01	5.085	1.4455
-2.38E-01	5.0925	1.44994
-2.36E-01	5.09969	1.45366
-2.34E-01	5.105	1.45716
-2.32E-01	5.11219	1.4615
-2.30E-01	5.11688	1.46663
-2.28E-01	5.12625	1.47141
-2.26E-01	5.13469	1.47491
-2.24E-01	5.14375	1.47784
-2.22E-01	5.15188	1.48141
-2.20E-01	5.1625	1.48531
-2.18E-01	5.17125	1.48819
-2.16E-01	5.18375	1.49066
-2.14E-01	5.19594	1.493
-2.12E-01	5.20781	1.49581
-2.10E-01	5.21469	1.49906
-2.08E-01	5.22469	1.50103
-2.06E-01	5.23656	1.5025
-2.04E-01	5.24656	1.50325
-2.02E-01	5.255	1.5045
-2.00E-01	5.26656	1.50638
-1.98E-01	5.27313	1.50709
-1.96E-01	5.28313	1.507
-1.94E-01	5.29312	1.50631
-1.92E-01	5.30625	1.50606
-1.90E-01	5.31406	1.50653
-1.88E-01	5.32437	1.50578
-1.86E-01	5.33375	1.50406
-1.84E-01	5.3475	1.50188
-1.82E-01	5.35688	1.49978
-1.80E-01	5.36719	1.49784
-1.78E-01	5.37625	1.49528
-1.76E-01	5.3875	1.49184
-1.74E-01	5.39813	1.48813
-1.72E-01	5.40844	1.48478
-1.70E-01	5.41688	1.48172
-1.68E-01	5.42625	1.47784
-1.66E-01	5.43938	1.47278
-1.64E-01	5.45188	1.46687
-1.62E-01	5.465	1.46197
-1.60E-01	5.47594	1.458
-1.58E-01	5.48438	1.45375
-1.56E-01	5.49406	1.44831
-1.54E-01	5.49875	1.44222
-1.52E-01	5.48781	1.43694
-1.50E-01	5.47844	1.43334
-1.48E-01	5.46719	1.43119
-1.46E-01	5.45594	1.42931
-1.44E-01	5.44344	1.42784
-1.42E-01	5.4325	1.42825
-1.40E-01	5.42156	1.42969
-1.38E-01	5.41281	1.43159
-1.36E-01	5.40062	1.43322
-1.34E-01	5.39031	1.43584
-1.32E-01	5.37938	1.43906
-1.30E-01	5.37	1.44378
-1.28E-01	5.36	1.44813
-1.26E-01	5.35094	1.45166
-1.24E-01	5.34219	1.45522
-1.22E-01	5.33125	1.45925
-1.20E-01	5.32031	1.46369
-1.18E-01	5.30875	1.46844
-1.16E-01	5.29938	1.47294
-1.14E-01	5.29094	1.47675
-1.12E-01	5.28	1.4805
-1.10E-01	5.27062	1.48506
-1.08E-01	5.25969	1.48866
-1.06E-01	5.24969	1.49116
-1.04E-01	5.24031	1.49388
-1.02E-01	5.23031	1.49659
-1.00E-01	5.21719	1.49962
-9.80E-02	5.20625	1.50219
-9.60E-02	5.19594	1.50328
-9.40E-02	5.18531	1.50422
-9.20E-02	5.17563	1.50547
-9.00E-02	5.16406	1.50722
-8.80E-02	5.15156	1.50803
-8.60E-02	5.1425	1.50778
-8.40E-02	5.13469	1.50678
-8.20E-02	5.12625	1.50625
-8.00E-02	5.11813	1.50594
-7.80E-02	5.11125	1.505
-7.60E-02	5.10562	1.50313
-7.40E-02	5.10094	1.50131
-7.20E-02	5.09406	1.49953
-7.00E-02	5.08812	1.49812
-6.80E-02	5.07844	1.49597
-6.60E-02	5.06937	1.49263
-6.40E-02	5.05938	1.48903
-6.20E-02	5.0475	1.48588
-6.00E-02	5.03719	1.48369
-5.80E-02	5.02813	1.48063
-5.60E-02	5.02125	1.47653
-5.40E-02	5.01156	1.47209
-5.20E-02	5.0025	1.46759
-5.00E-02	4.99156	1.46425
-4.80E-02	4.98062	1.46091
-4.60E-02	4.97187	1.45622
-4.40E-02	4.96188	1.45166
-4.20E-02	4.95125	1.44759
-4.00E-02	4.94156	1.44384
-3.80E-02	4.93031	1.43938
-3.60E-02	4.92063	1.43416
-3.40E-02	4.90969	1.42925
-3.20E-02	4.90125	1.42497
-3.00E-02	4.88969	1.42156
-2.80E-02	4.87656	1.41734
-2.60E-02	4.86719	1.41197
-2.40E-02	4.85688	1.40669
-2.20E-02	4.84531	1.40266
-2.00E-02	4.83531	1.39941
-1.80E-02	4.82531	1.39606
-1.60E-02	4.81594	1.39147
-1.40E-02	4.80625	1.38669
-1.20E-02	4.79625	1.38306
-1.00E-02	4.78563	1.38119
-8.00E-03	4.77594	1.379
-6.00E-03	4.76687	1.3755
-4.00E-03	4.75844	1.37272
-2.00E-03	4.74969	1.37059
1.00E-15	4.73781	1.36884
2.00E-03	4.72562	1.36734
4.00E-03	4.71375	1.36531
6.00E-03	4.70219	1.36316
8.00E-03	4.69156	1.36253
1.00E-02	4.68031	1.36281
1.20E-02	4.66719	1.36281
1.40E-02	4.65781	1.36253
1.60E-02	4.64844	1.36244
1.80E-02	4.63687	1.36322
2.00E-02	4.62437	1.36541
2.20E-02	4.61375	1.36728
2.40E-02	4.60406	1.36884
2.60E-02	4.59438	1.37059
2.80E-02	4.58563	1.37316
3.00E-02	4.57375	1.37644
3.20E-02	4.56313	1.37994
3.40E-02	4.55219	1.38288
3.60E-02	4.545	1.38541
3.80E-02	4.53594	1.3895
4.00E-02	4.52594	1.39431
4.20E-02	4.51313	1.39916
4.40E-02	4.50375	1.40309
4.60E-02	4.49313	1.40762
4.80E-02	4.48313	1.41347
5.00E-02	4.47187	1.42
5.20E-02	4.46219	1.42538
5.40E-02	4.45281	1.43025
5.60E-02	4.44406	1.43506
5.80E-02	4.43375	1.44097
6.00E-02	4.42406	1.44722
6.20E-02	4.41156	1.45309
6.40E-02	4.40188	1.45784
6.60E-02	4.39062	1.46181
6.80E-02	4.38094	1.46687
7.00E-02	4.36875	1.47294
7.20E-02	4.35875	1.47778
7.40E-02	4.34781	1.48172
7.60E-02	4.33812	1.48484
7.80E-02	4.32812	1.48834
8.00E-02	4.31562	1.49253
8.20E-02	4.305	1.49581
8.40E-02	4.29344	1.49822
8.60E-02	4.28094	1.50031
8.80E-02	4.27	1.50241
9.00E-02	4.2575	1.50516
9.20E-02	4.24656	1.50716
9.40E-02	4.23625	1.50787
9.60E-02	4.22813	1.50772
9.80E-02	4.21719	1.50778
1.00E-01	4.2075	1.50841
1.02E-01	4.19656	1.50862
1.04E-01	4.18438	1.50803
1.06E-01	4.175	1.50669
1.08E-01	4.16344	1.50559
1.10E-01	4.15156	1.50469
1.12E-01	4.13906	1.50328
1.14E-01	4.12906	1.50094
1.16E-01	4.11813	1.49831
1.18E-01	4.10719	1.49534
1.20E-01	4.09438	1.49331
1.22E-01	4.08031	1.49066
1.24E-01	4.07094	1.48716
1.26E-01	4.06281	1.48297
1.28E-01	4.05438	1.47931
1.30E-01	4.04188	1.47644
1.32E-01	4.03406	1.47256
1.34E-01	4.02406	1.46837
1.36E-01	4.01187	1.46331
1.38E-01	4.00375	1.45928
1.40E-01	3.9925	1.45578
1.42E-01	3.98375	1.4515
1.44E-01	3.975	1.4465
1.46E-01	3.9675	1.44138
1.48E-01	3.955	1.43619
1.50E-01	3.94313	1.43222
1.52E-01	3.9325	1.42837
1.54E-01	3.92094	1.42362
1.56E-01	3.90844	1.41834
1.58E-01	3.90063	1.41331
1.60E-01	3.8875	1.40903
1.62E-01	3.87562	1.40516
1.64E-01	3.86406	1.40041
1.66E-01	3.85406	1.39597
1.68E-01	3.84469	1.39178
1.70E-01	3.83219	1.38859
1.72E-01	3.82219	1.38547
1.74E-01	3.81344	1.38203
1.76E-01	3.80406	1.37878
1.78E-01	3.79188	1.37584
1.80E-01	3.78	1.37387
1.82E-01	3.77156	1.37169
1.84E-01	3.76375	1.36884
1.86E-01	3.75594	1.36572
1.88E-01	3.74344	1.36441
1.90E-01	3.73313	1.36363
1.92E-01	3.72406	1.36284
1.94E-01	3.71375	1.36181
1.96E-01	3.70375	1.36081
1.98E-01	3.69281	1.36075
2.00E-01	3.68344	1.36175
2.02E-01	3.67188	1.36281
2.04E-01	3.65938	1.36338
2.06E-01	3.65	1.36406
2.08E-01	3.63938	1.36587
2.10E-01	3.6275	1.36866
2.12E-01	3.61656	1.37141
2.14E-01	3.605	1.37397
2.16E-01	3.595	1.37659
2.18E-01	3.58656	1.37987
2.20E-01	3.57719	1.38369
2.22E-01	3.56594	1.38741
2.24E-01	3.55531	1.39159
2.26E-01	3.54344	1.39556
2.28E-01	3.53406	1.40022
2.30E-01	3.52563	1.40591
2.32E-01	3.51469	1.41206
2.34E-01	3.50406	1.41744
2.36E-01	3.49313	1.42194
2.38E-01	3.48438	1.42684
2.40E-01	3.47188	1.43253
2.42E-01	3.45875	1.43875
2.44E-01	3.45031	1.44425
2.46E-01	3.44094	1.449
2.48E-01	3.43	1.45459
2.50E-01	3.41625	1.46003
2.52E-01	3.40375	1.46519
2.54E-01	3.39406	1.47
2.56E-01	3.38563	1.47481
2.58E-01	3.37156	1.47903
2.60E-01	3.36063	1.48366
2.62E-01	3.34781	1.48788
2.64E-01	3.33688	1.49113
2.66E-01	3.32719	1.49419
2.68E-01	3.31594	1.49722
2.70E-01	3.30406	1.50072
2.72E-01	3.29469	1.50306
2.74E-01	3.28406	1.5045
2.76E-01	3.27438	1.50516
2.78E-01	3.26375	1.50684
2.80E-01	3.255	1.50834
2.82E-01	3.24344	1.50928
2.84E-01	3.23188	1.50919
2.86E-01	3.22031	1.50872
2.88E-01	3.20781	1.50825
2.90E-01	3.1975	1.50819
2.92E-01	3.18594	1.50772
2.94E-01	3.17406	1.50675
2.96E-01	3.16469	1.50475
2.98E-01	3.15625	1.50303
3.00E-01	3.14531	1.50194
3.02E-01	3.13531	1.50006
3.04E-01	3.12594	1.49722
3.06E-01	3.11656	1.49388
3.08E-01	3.10656	1.49075
3.10E-01	3.09563	1.48813
3.12E-01	3.08344	1.48553
3.14E-01	3.07469	1.48206
3.16E-01	3.06312	1.47791
3.18E-01	3.05219	1.47378
3.20E-01	3.04062	1.46991
3.22E-01	3.02937	1.46609
3.24E-01	3.01938	1.46197
3.26E-01	3.01	1.45738
3.28E-01	3.00094	1.45303
3.30E-01	2.99094	1.44969
3.32E-01	2.97969	1.44541
3.34E-01	2.97031	1.44006
3.36E-01	2.96188	1.43516
3.38E-01	2.95125	1.43025
3.40E-01	2.93875	1.42669
3.42E-01	2.92687	1.42316
3.44E-01	2.91594	1.41828
3.46E-01	2.9075	1.41291
3.48E-01	2.89438	1.40756
3.50E-01	2.88406	1.40419
3.52E-01	2.87344	1.40072
3.54E-01	2.86156	1.39675
3.56E-01	2.85094	1.39222
3.58E-01	2.84063	1.38841
3.60E-01	2.82906	1.38572
3.62E-01	2.81563	1.38334
3.64E-01	2.80406	1.38047
3.66E-01	2.79406	1.377
3.68E-01	2.78531	1.37409
3.70E-01	2.77469	1.37278
3.72E-01	2.76531	1.37122
3.74E-01	2.75531	1.36912
3.76E-01	2.74438	1.36697
3.78E-01	2.73469	1.36566
3.80E-01	2.72562	1.36578
3.82E-01	2.71375	1.36603
3.84E-01	2.70281	1.36534
3.86E-01	2.69219	1.36488
3.88E-01	2.68281	1.36566
3.90E-01	2.67031	1.36709
3.92E-01	2.65781	1.36916
3.94E-01	2.64562	1.37044
3.96E-01	2.63531	1.37194
3.98E-01	2.625	1.37397
4.00E-01	2.61344	1.37716
4.02E-01	2.60125	1.38047
4.04E-01	2.58969	1.38312
4.06E-01	2.58	1.38563
4.08E-01	2.57063	1.38975
4.10E-01	2.56219	1.39466
4.12E-01	2.55063	1.39938
4.14E-01	2.54219	1.40344
4.16E-01	2.53563	1.40794
4.18E-01	2.52719	1.41328
4.20E-01	2.51875	1.41931
4.22E-01	2.50781	1.42481
4.24E-01	2.49844	1.42988
4.26E-01	2.48844	1.43428
4.28E-01	2.48	1.44034
4.30E-01	2.47063	1.44691
4.32E-01	2.46281	1.45281
4.34E-01	2.45438	1.45809
4.36E-01	2.44781	1.46228
4.38E-01	2.43781	1.46728
4.40E-01	2.42844	1.47281
4.42E-01	2.41906	1.47778
4.44E-01	2.4075	1.48159
4.46E-01	2.39594	1.48506
4.48E-01	2.3875	1.48903
4.50E-01	2.37406	1.49347
4.52E-01	2.36063	1.49784
4.54E-01	2.34938	1.50053
4.56E-01	2.33969	1.50241
4.58E-01	2.33125	1.50406
4.60E-01	2.32219	1.50653
4.62E-01	2.31188	1.50816
4.64E-01	2.3025	1.50897
4.66E-01	2.29219	1.50925
4.68E-01	2.28094	1.50966
4.70E-01	2.26969	1.51028
4.72E-01	2.25813	1.51072
4.74E-01	2.25031	1.51019
4.76E-01	2.24125	1.50925
4.78E-01	2.23156	1.50816
4.80E-01	2.22313	1.50762
4.82E-01	2.21062	1.50669
4.84E-01	2.20156	1.50469
4.86E-01	2.19063	1.50178
4.88E-01	2.17656	1.49962
4.90E-01	2.16469	1.49744
4.92E-01	2.15313	1.49513
4.94E-01	2.14375	1.49122
4.96E-01	2.13313	1.48756
4.98E-01	2.12	1.48397
5.00E-01	2.10969	1.48125
5.02E-01	2.09938	1.47778
5.04E-01	2.09	1.47341
5.06E-01	2.08094	1.4675
5.08E-01	2.0675	1.46316
5.10E-01	2.0575	1.45997
5.12E-01	2.04438	1.45622
5.14E-01	2.03437	1.45166
5.16E-01	2.02406	1.44619
5.18E-01	2.01344	1.44116
5.20E-01	2.00312	1.43703
5.22E-01	1.99281	1.43275
5.24E-01	1.98375	1.42794
5.26E-01	1.97281	1.42309
5.28E-01	1.9625	1.41859
5.30E-01	1.94969	1.41456
5.32E-01	1.93938	1.41025
5.34E-01	1.92688	1.40563
5.36E-01	1.91594	1.40094
5.38E-01	1.9075	1.39675
5.40E-01	1.89656	1.39387
5.42E-01	1.88438	1.39003
5.44E-01	1.87469	1.38638
5.46E-01	1.86531	1.38266
5.48E-01	1.85625	1.38016
5.50E-01	1.84313	1.37753
5.52E-01	1.83219	1.37584
5.54E-01	1.8225	1.37294
5.56E-01	1.81188	1.37069
5.58E-01	1.79875	1.36803
5.60E-01	1.78844	1.36741
5.62E-01	1.7775	1.36666
5.64E-01	1.76687	1.3655
5.66E-01	1.75812	1.36409
5.68E-01	1.74812	1.36347
5.70E-01	1.73781	1.36431
5.72E-01	1.72625	1.36563
5.74E-01	1.71719	1.36587
5.76E-01	1.7075	1.36688
5.78E-01	1.69656	1.36837
5.80E-01	1.68344	1.37106
5.82E-01	1.67344	1.37387
5.84E-01	1.66469	1.37566
5.86E-01	1.65187	1.37784
5.88E-01	1.64219	1.38081
5.90E-01	1.63219	1.38444
5.92E-01	1.62187	1.38906
5.94E-01	1.61062	1.39322
5.96E-01	1.60031	1.39688
5.98E-01	1.59031	1.40116
6.00E-01	1.57781	1.40631
6.02E-01	1.56531	1.41259
6.04E-01	1.55438	1.41787
6.06E-01	1.54531	1.423
6.08E-01	1.53438	1.42791
6.10E-01	1.52188	1.43375
6.12E-01	1.51094	1.43988
6.14E-01	1.50094	1.44556
6.16E-01	1.49281	1.45069
6.18E-01	1.48313	1.45547
6.20E-01	1.47344	1.46075
6.22E-01	1.46094	1.46556
6.24E-01	1.45031	1.47069
6.26E-01	1.44031	1.47528
6.28E-01	1.43063	1.47994
6.30E-01	1.41938	1.48444
6.32E-01	1.40688	1.48875
6.34E-01	1.39813	1.49225
6.36E-01	1.38781	1.49509
6.38E-01	1.37625	1.4975
6.40E-01	1.36688	1.50056
6.42E-01	1.35625	1.5035
6.44E-01	1.34375	1.50522
6.46E-01	1.33438	1.50647
6.48E-01	1.3225	1.50787
6.50E-01	1.31031	1.50919
6.52E-01	1.30031	1.51003
6.54E-01	1.29063	1.51019
6.56E-01	1.27781	1.50972
6.58E-01	1.26969	1.50941
6.60E-01	1.25906	1.50928
6.62E-01	1.24969	1.50913
6.64E-01	1.23812	1.50819
6.66E-01	1.22875	1.50641
6.68E-01	1.21844	1.50453
6.70E-01	1.20906	1.50306
6.72E-01	1.2	1.50181
6.74E-01	1.19281	1.49931
6.76E-01	1.18281	1.49619
6.78E-01	1.17188	1.49272
6.80E-01	1.16187	1.49012
6.82E-01	1.15	1.48766
6.84E-01	1.13938	1.48463
6.86E-01	1.12844	1.48041
6.88E-01	1.11969	1.4765
6.90E-01	1.10875	1.47303
6.92E-01	1.09719	1.46913
6.94E-01	1.08563	1.46447
6.96E-01	1.07625	1.46044
6.98E-01	1.06469	1.45584
7.00E-01	1.05344	1.45225
7.02E-01	1.04062	1.44822
7.04E-01	1.02969	1.44322
7.06E-01	1.0225	1.4375
7.08E-01	1.015	1.43234
7.10E-01	1.00375	1.42837
7.12E-01	0.992812	1.42497
7.14E-01	0.981563	1.42106
7.16E-01	0.97375	1.41594
7.18E-01	0.962813	1.41075
7.20E-01	0.954063	1.40691
7.22E-01	0.943438	1.40319
7.24E-01	0.932188	1.39947
7.26E-01	0.922813	1.39494
7.28E-01	0.912188	1.39112
7.30E-01	0.902188	1.38819
7.32E-01	0.892813	1.38525
7.34E-01	0.880938	1.38281
7.36E-01	0.870313	1.37919
7.38E-01	0.857812	1.37675
7.40E-01	0.84625	1.37538
7.42E-01	0.835938	1.37409
7.44E-01	0.824375	1.37219
7.46E-01	0.813438	1.36953
7.48E-01	0.803438	1.36834
7.50E-01	0.792188	1.3685
7.52E-01	0.782188	1.36837
7.54E-01	0.773125	1.36803
7.56E-01	0.763437	1.36766
7.58E-01	0.753437	1.36813
7.60E-01	0.740938	1.36969
7.62E-01	0.730313	1.37187
7.64E-01	0.718438	1.37334
7.66E-01	0.709063	1.37434
7.68E-01	0.700625	1.37653
7.70E-01	0.689063	1.37972
7.72E-01	0.678125	1.38306
7.74E-01	0.667188	1.38609
7.76E-01	0.656875	1.38922
7.78E-01	0.646875	1.39316
7.80E-01	0.635938	1.39784
7.82E-01	0.624375	1.40297
7.84E-01	0.613437	1.40772
7.86E-01	0.604375	1.41191
7.88E-01	0.596562	1.41759
7.90E-01	0.583438	1.42325
7.92E-01	0.574063	1.42894
7.94E-01	0.562188	1.43375
7.96E-01	0.552188	1.43875
7.98E-01	0.542813	1.44384
8.00E-01	0.53125	1.45
8.02E-01	0.520938	1.45575
8.04E-01	0.511563	1.46013
8.06E-01	0.501563	1.46416
8.08E-01	0.49375	1.46922
8.10E-01	0.482813	1.47481
8.12E-01	0.471875	1.48003
8.14E-01	0.4625	1.48397
8.16E-01	0.4525	1.48725
8.18E-01	0.444063	1.49012
8.20E-01	0.434063	1.49409
8.22E-01	0.422187	1.49844
8.24E-01	0.412187	1.50087
8.26E-01	0.40375	1.50256
8.28E-01	0.391875	1.5045
8.30E-01	0.381875	1.50709
8.32E-01	0.370312	1.50919
8.34E-01	0.359375	1.50994
8.36E-01	0.348438	1.51003
8.38E-01	0.3375	1.50997
8.40E-01	0.328125	1.5105
8.42E-01	0.315937	1.51087
8.44E-01	0.30625	1.51041
8.46E-01	0.297187	1.50956
8.48E-01	0.285313	1.50856
8.50E-01	0.273125	1.50794
8.52E-01	0.26125	1.50709
8.54E-01	0.249688	1.50497
8.56E-01	0.241875	1.5025
8.58E-01	0.239375	1.50031
8.60E-01	0.2475	1.49838
8.62E-01	0.256563	1.49691
8.64E-01	0.266875	1.49466
8.66E-01	0.277813	1.49309
8.68E-01	0.289062	1.49225
8.70E-01	0.297187	1.49309
8.72E-01	0.306563	1.49456
8.74E-01	0.316563	1.49519
8.76E-01	0.327188	1.49541
8.78E-01	0.34125	1.49666
8.80E-01	0.35125	1.49894
8.82E-01	0.359063	1.50087
8.84E-01	0.371875	1.5025
8.86E-01	0.379375	1.50356
8.88E-01	0.389375	1.50469
8.90E-01	0.400625	1.50663
8.92E-01	0.410625	1.50856
8.94E-01	0.420625	1.50919
8.96E-01	0.434063	1.50944
8.98E-01	0.443437	1.50972
9.00E-01	0.454063	1.51041
9.02E-01	0.464062	1.51091
9.04E-01	0.473438	1.51066
9.06E-01	0.483125	1.50988
9.08E-01	0.494375	1.50934
9.10E-01	0.505313	1.50881
9.12E-01	0.515	1.50862
9.14E-01	0.52625	1.50684
9.16E-01	0.534375	1.50444
9.18E-01	0.545	1.50188
9.20E-01	0.5575	1.49984
9.22E-01	0.5675	1.49706
9.24E-01	0.577187	1.49337
9.26E-01	0.587187	1.48891
9.28E-01	0.599688	1.48525
9.30E-01	0.610313	1.48234
9.32E-01	0.621875	1.47887
9.34E-01	0.632188	1.47412
9.36E-01	0.639375	1.46772
9.38E-01	0.650938	1.46247
9.40E-01	0.661563	1.45866
9.42E-01	0.670312	1.45434
9.44E-01	0.681875	1.449
9.46E-01	0.692813	1.44269
9.48E-01	0.702813	1.43672
9.50E-01	0.714688	1.43181
9.52E-01	0.724063	1.42731
9.54E-01	0.734688	1.42234
9.56E-01	0.746563	1.41672
9.58E-01	0.7575	1.41059
9.60E-01	0.768437	1.40578
9.62E-01	0.778438	1.40194
9.64E-01	0.7875	1.39738
9.66E-01	0.799375	1.39247
9.68E-01	0.811875	1.38797
9.70E-01	0.82125	1.38509
9.72E-01	0.830625	1.38291
9.74E-01	0.841562	1.38034
9.76E-01	0.852812	1.37697
9.78E-01	0.866875	1.37441
9.80E-01	0.87875	1.37266
9.82E-01	0.88875	1.37178
9.84E-01	0.899687	1.37028
9.86E-01	0.911563	1.36837
9.88E-01	0.923125	1.36741
9.90E-01	0.93375	1.36741
9.92E-01	0.940937	1.36781
9.94E-01	0.949375	1.36806
9.96E-01	0.961875	1.36834
9.98E-01	0.975	1.36938
