Aux out [V]	Aux in [V]	PDH out [a.u.]
-1.2805E-1	7.4870E-1	-2.4800E+2
-1.2782E-1	7.5040E-1	-3.4600E+2
-1.2758E-1	7.5064E-1	3.8000E+1
-1.2734E-1	7.5185E-1	7.5000E+1
-1.2699E-1	7.4942E-1	4.4900E+2
-1.2676E-1	7.5040E-1	-3.3000E+2
-1.2652E-1	7.4942E-1	-5.3700E+2
-1.2629E-1	7.5064E-1	-1.6200E+2
-1.2605E-1	7.4918E-1	-7.1200E+2
-1.2581E-1	7.4942E-1	-2.8200E+2
-1.2546E-1	7.4918E-1	-2.5900E+2
-1.2523E-1	7.4942E-1	2.0000E+0
-1.2499E-1	7.4942E-1	-6.3800E+2
-1.2476E-1	7.4797E-1	-1.3000E+2
-1.2452E-1	7.4942E-1	-2.5800E+2
-1.2429E-1	7.4748E-1	-4.6300E+2
-1.2405E-1	7.4797E-1	-3.7900E+2
-1.2370E-1	7.4748E-1	9.0000E+1
-1.2346E-1	7.4724E-1	-2.5700E+2
-1.2323E-1	7.4699E-1	2.1600E+2
-1.2299E-1	7.4554E-1	-3.3300E+2
-1.2276E-1	7.4675E-1	-2.9000E+2
-1.2252E-1	7.4651E-1	2.5000E+2
-1.2229E-1	7.4505E-1	-4.3000E+2
-1.2205E-1	7.4724E-1	-5.8400E+2
-1.2170E-1	7.4578E-1	-3.0400E+2
-1.2146E-1	7.4627E-1	-1.1100E+2
-1.2123E-1	7.4505E-1	-4.5400E+2
-1.2099E-1	7.4602E-1	1.8000E+2
-1.2076E-1	7.4457E-1	-3.7000E+1
-1.2052E-1	7.4432E-1	1.6600E+2
-1.2017E-1	7.4505E-1	1.8600E+2
-1.1993E-1	7.4432E-1	-1.1900E+2
-1.1970E-1	7.4335E-1	1.7700E+2
-1.1946E-1	7.4505E-1	-3.5200E+2
-1.1923E-1	7.4335E-1	-1.3600E+2
-1.1899E-1	7.4457E-1	-6.1200E+2
-1.1864E-1	7.4359E-1	-3.1900E+2
-1.1840E-1	7.4189E-1	-1.6700E+2
-1.1817E-1	7.4286E-1	-4.5300E+2
-1.1793E-1	7.4214E-1	-3.8100E+2
-1.1770E-1	7.4286E-1	8.2000E+1
-1.1746E-1	7.4116E-1	-6.2000E+1
-1.1723E-1	7.4068E-1	-3.2900E+2
-1.1699E-1	7.4262E-1	-8.6000E+2
-1.1664E-1	7.4165E-1	-5.2800E+2
-1.1640E-1	7.3971E-1	-5.2700E+2
-1.1617E-1	7.4068E-1	-2.9200E+2
-1.1593E-1	7.4044E-1	-3.1600E+2
-1.1570E-1	7.3946E-1	4.3700E+2
-1.1546E-1	7.4019E-1	-6.9300E+2
-1.1511E-1	7.4019E-1	-4.4100E+2
-1.1487E-1	7.3971E-1	-2.9100E+2
-1.1464E-1	7.3922E-1	-2.1000E+1
-1.1440E-1	7.3728E-1	3.4000E+2
-1.1417E-1	7.3728E-1	1.8500E+2
-1.1393E-1	7.3801E-1	1.7600E+2
-1.1358E-1	7.3728E-1	2.8800E+2
-1.1334E-1	7.3558E-1	1.1300E+2
-1.1311E-1	7.3752E-1	4.7700E+2
-1.1287E-1	7.3558E-1	3.1300E+2
-1.1264E-1	7.3655E-1	4.7600E+2
-1.1240E-1	7.3582E-1	-1.0000E+0
-1.1217E-1	7.3655E-1	2.2500E+2
-1.1193E-1	7.3631E-1	3.4100E+2
-1.1158E-1	7.3412E-1	-9.1100E+2
-1.1134E-1	7.3533E-1	-9.2000E+1
-1.1111E-1	7.3412E-1	-4.2000E+2
-1.1087E-1	7.3242E-1	1.7500E+2
-1.1064E-1	7.3412E-1	-7.0800E+2
-1.1040E-1	7.3218E-1	9.5000E+1
-1.1017E-1	7.3290E-1	-1.3700E+2
-1.0981E-1	7.3315E-1	-2.6600E+2
-1.0958E-1	7.3193E-1	3.2900E+2
-1.0934E-1	7.3120E-1	-4.2300E+2
-1.0911E-1	7.3023E-1	1.4100E+2
-1.0887E-1	7.3096E-1	-6.8000E+1
-1.0852E-1	7.2999E-1	1.3500E+2
-1.0828E-1	7.2950E-1	3.6900E+2
-1.0805E-1	7.2950E-1	1.1700E+2
-1.0781E-1	7.2877E-1	-3.2500E+2
-1.0758E-1	7.2829E-1	-9.0000E+0
-1.0734E-1	7.2975E-1	-2.5800E+2
-1.0711E-1	7.2902E-1	4.4500E+2
-1.0687E-1	7.2780E-1	5.2200E+2
-1.0652E-1	7.2780E-1	-4.3900E+2
-1.0628E-1	7.2780E-1	2.5300E+2
-1.0605E-1	7.2780E-1	2.5100E+2
-1.0581E-1	7.2683E-1	3.1500E+2
-1.0558E-1	7.2489E-1	7.9300E+2
-1.0534E-1	7.2610E-1	-2.4400E+2
-1.0511E-1	7.2537E-1	8.0000E+1
-1.0487E-1	7.2440E-1	5.0800E+2
-1.0452E-1	7.2416E-1	2.8900E+2
-1.0428E-1	7.2246E-1	1.2600E+2
-1.0405E-1	7.2270E-1	3.5700E+2
-1.0381E-1	7.2222E-1	-5.1100E+2
-1.0358E-1	7.2124E-1	5.9000E+1
-1.0323E-1	7.2124E-1	-3.3300E+2
-1.0299E-1	7.2124E-1	2.1000E+2
-1.0275E-1	7.2076E-1	-2.0100E+2
-1.0252E-1	7.2100E-1	-1.4300E+2
-1.0228E-1	7.1954E-1	6.8600E+2
-1.0205E-1	7.1930E-1	-2.9300E+2
-1.0181E-1	7.1954E-1	-2.0200E+2
-1.0146E-1	7.1857E-1	3.8700E+2
-1.0122E-1	7.1784E-1	-3.2600E+2
-1.0099E-1	7.1736E-1	4.2800E+2
-1.0075E-1	7.1663E-1	-5.0000E+0
-1.0052E-1	7.1711E-1	2.7200E+2
-1.0028E-1	7.1590E-1	1.4700E+2
-1.0005E-1	7.1590E-1	3.3200E+2
-9.9813E-2	7.1639E-1	-1.6900E+2
-9.9460E-2	7.1396E-1	6.9100E+2
-9.9225E-2	7.1493E-1	-9.3000E+1
-9.8989E-2	7.1177E-1	4.3800E+2
-9.8754E-2	7.1396E-1	1.0500E+2
-9.8519E-2	7.1347E-1	-4.9900E+2
-9.8284E-2	7.1177E-1	3.6500E+2
-9.7931E-2	7.1347E-1	6.9000E+2
-9.7695E-2	7.1080E-1	6.8000E+1
-9.7460E-2	7.1031E-1	4.3900E+2
-9.7225E-2	7.1007E-1	-1.9000E+2
-9.6989E-2	7.0958E-1	1.3100E+2
-9.6754E-2	7.0910E-1	7.2800E+2
-9.6401E-2	7.0885E-1	3.9500E+2
-9.6166E-2	7.0764E-1	3.8000E+2
-9.5930E-2	7.0837E-1	7.1100E+2
-9.5695E-2	7.0667E-1	-2.8000E+1
-9.5460E-2	7.0618E-1	6.5500E+2
-9.5224E-2	7.0545E-1	1.0400E+2
-9.4989E-2	7.0424E-1	5.9700E+2
-9.4754E-2	7.0594E-1	2.9700E+2
-9.4401E-2	7.0448E-1	5.7100E+2
-9.4166E-2	7.0181E-1	-1.3200E+2
-9.3930E-2	7.0108E-1	3.2700E+2
-9.3695E-2	7.0181E-1	8.4200E+2
-9.3460E-2	7.0157E-1	1.8100E+2
-9.3224E-2	7.0132E-1	5.2600E+2
-9.2989E-2	7.0035E-1	1.5300E+2
-9.2636E-2	7.0108E-1	3.7100E+2
-9.2401E-2	6.9841E-1	4.6100E+2
-9.2165E-2	6.9841E-1	6.0800E+2
-9.1930E-2	6.9695E-1	3.3000E+1
-9.1695E-2	6.9598E-1	1.8100E+2
-9.1459E-2	6.9476E-1	9.6600E+2
-9.1107E-2	6.9549E-1	3.3100E+2
-9.0871E-2	6.9501E-1	1.8200E+2
-9.0636E-2	6.9525E-1	-1.3000E+1
-9.0401E-2	6.9258E-1	2.1700E+2
-9.0165E-2	6.9258E-1	1.7200E+2
-8.9930E-2	6.9209E-1	6.1700E+2
-8.9695E-2	6.9161E-1	3.6900E+2
-8.9342E-2	6.9185E-1	3.5600E+2
-8.9106E-2	6.8991E-1	7.0900E+2
-8.8871E-2	6.8918E-1	7.2300E+2
-8.8636E-2	6.8893E-1	9.3400E+2
-8.8400E-2	6.8942E-1	5.2000E+1
-8.8165E-2	6.8553E-1	9.1400E+2
-8.7930E-2	6.8675E-1	3.0100E+2
-8.7694E-2	6.8675E-1	4.3400E+2
-8.7342E-2	6.8505E-1	2.4000E+2
-8.7106E-2	6.8553E-1	6.9700E+2
-8.6871E-2	6.8383E-1	7.2000E+2
-8.6636E-2	6.8383E-1	2.9600E+2
-8.6400E-2	6.8359E-1	-2.3000E+1
-8.6047E-2	6.8213E-1	1.9000E+2
-8.5812E-2	6.8286E-1	1.1200E+3
-8.5577E-2	6.8116E-1	7.7100E+2
-8.5341E-2	6.7970E-1	6.6000E+2
-8.5106E-2	6.8116E-1	7.7100E+2
-8.4871E-2	6.7873E-1	3.0000E+2
-8.4635E-2	6.7800E-1	5.8500E+2
-8.4282E-2	6.7630E-1	4.0600E+2
-8.4047E-2	6.7727E-1	3.0700E+2
-8.3812E-2	6.7557E-1	8.2700E+2
-8.3577E-2	6.7606E-1	4.0200E+2
-8.3341E-2	6.7387E-1	7.9900E+2
-8.3106E-2	6.7339E-1	1.1860E+3
-8.2871E-2	6.7314E-1	5.2200E+2
-8.2635E-2	6.7241E-1	4.7300E+2
-8.2282E-2	6.6999E-1	3.0100E+2
-8.2047E-2	6.6950E-1	1.0650E+3
-8.1812E-2	6.7047E-1	6.5700E+2
-8.1576E-2	6.6804E-1	1.5500E+2
-8.1341E-2	6.6901E-1	6.6700E+2
-8.1106E-2	6.6950E-1	6.7700E+2
-8.0753E-2	6.6756E-1	6.1600E+2
-8.0517E-2	6.6488E-1	3.9500E+2
-8.0282E-2	6.6367E-1	5.2000E+2
-8.0047E-2	6.6391E-1	5.6500E+2
-7.9812E-2	6.6173E-1	6.2700E+2
-7.9576E-2	6.6367E-1	8.1500E+2
-7.9341E-2	6.5978E-1	7.4800E+2
-7.8988E-2	6.6075E-1	9.0700E+2
-7.8753E-2	6.5954E-1	6.3700E+2
-7.8517E-2	6.5857E-1	1.2200E+2
-7.8282E-2	6.5832E-1	1.4610E+3
-7.8047E-2	6.5930E-1	2.8400E+2
-7.7811E-2	6.5857E-1	5.7700E+2
-7.7576E-2	6.5662E-1	7.5300E+2
-7.7223E-2	6.5662E-1	3.3700E+2
-7.6988E-2	6.5371E-1	7.9700E+2
-7.6752E-2	6.5128E-1	5.1800E+2
-7.6517E-2	6.5274E-1	2.9700E+2
-7.6282E-2	6.5201E-1	6.6800E+2
-7.6047E-2	6.5274E-1	4.0800E+2
-7.5694E-2	6.5055E-1	5.3700E+2
-7.5458E-2	6.4836E-1	7.0200E+2
-7.5223E-2	6.4764E-1	6.2300E+2
-7.4988E-2	6.4666E-1	7.6600E+2
-7.4752E-2	6.4642E-1	1.0990E+3
-7.4517E-2	6.4472E-1	7.9500E+2
-7.4282E-2	6.4472E-1	4.1200E+2
-7.3929E-2	6.4399E-1	8.5900E+2
-7.3693E-2	6.4229E-1	9.5300E+2
-7.3458E-2	6.4229E-1	6.5400E+2
-7.3223E-2	6.4132E-1	9.7500E+2
-7.2988E-2	6.3962E-1	7.3500E+2
-7.2752E-2	6.3913E-1	4.2100E+2
-7.2517E-2	6.3816E-1	1.2890E+3
-7.2164E-2	6.3792E-1	5.7700E+2
-7.1929E-2	6.3597E-1	1.0180E+3
-7.1693E-2	6.3549E-1	6.3000E+2
-7.1458E-2	6.3525E-1	9.1900E+2
-7.1223E-2	6.3282E-1	4.6500E+2
-7.0987E-2	6.3306E-1	6.8400E+2
-7.0752E-2	6.3282E-1	7.0700E+2
-7.0399E-2	6.3087E-1	2.8400E+2
-7.0164E-2	6.2990E-1	7.0200E+2
-6.9928E-2	6.2869E-1	9.5000E+2
-6.9693E-2	6.2844E-1	1.2490E+3
-6.9458E-2	6.2650E-1	1.3040E+3
-6.9223E-2	6.2504E-1	1.2640E+3
-6.8870E-2	6.2480E-1	6.6300E+2
-6.8634E-2	6.2529E-1	7.3900E+2
-6.8399E-2	6.2286E-1	7.9500E+2
-6.8164E-2	6.2237E-1	8.7200E+2
-6.7928E-2	6.2018E-1	1.1250E+3
-6.7693E-2	6.2018E-1	1.2340E+3
-6.7458E-2	6.1921E-1	8.9700E+2
-6.7222E-2	6.1970E-1	1.2800E+3
-6.6869E-2	6.1751E-1	9.5700E+2
-6.6634E-2	6.1727E-1	9.5800E+2
-6.6399E-2	6.1581E-1	1.3930E+3
-6.6163E-2	6.1362E-1	9.1300E+2
-6.5928E-2	6.1192E-1	8.8400E+2
-6.5693E-2	6.1217E-1	1.1180E+3
-6.5458E-2	6.1095E-1	7.8200E+2
-6.5105E-2	6.1095E-1	1.1560E+3
-6.4869E-2	6.0974E-1	4.9400E+2
-6.4634E-2	6.0901E-1	1.1520E+3
-6.4399E-2	6.0755E-1	9.9000E+2
-6.4163E-2	6.0658E-1	9.4300E+2
-6.3928E-2	6.0658E-1	1.5600E+3
-6.3575E-2	6.0512E-1	1.0950E+3
-6.3340E-2	6.0342E-1	1.2840E+3
-6.3104E-2	6.0172E-1	1.2820E+3
-6.2869E-2	6.0124E-1	9.3400E+2
-6.2634E-2	6.0051E-1	1.0230E+3
-6.2398E-2	5.9832E-1	1.5430E+3
-6.2163E-2	5.9759E-1	9.8900E+2
-6.1810E-2	5.9662E-1	7.3200E+2
-6.1575E-2	5.9419E-1	1.1280E+3
-6.1340E-2	5.9492E-1	3.4200E+2
-6.1104E-2	5.9492E-1	1.0590E+3
-6.0869E-2	5.9346E-1	1.1600E+3
-6.0634E-2	5.9346E-1	9.9100E+2
-6.0398E-2	5.9127E-1	4.4500E+2
-6.0163E-2	5.8933E-1	3.6700E+2
-5.9810E-2	5.8885E-1	8.8500E+2
-5.9575E-2	5.8642E-1	1.3250E+3
-5.9339E-2	5.8714E-1	8.9200E+2
-5.9104E-2	5.8593E-1	1.2690E+3
-5.8869E-2	5.8472E-1	4.1300E+2
-5.8516E-2	5.8496E-1	1.1740E+3
-5.8281E-2	5.8204E-1	1.3820E+3
-5.8045E-2	5.8010E-1	6.6000E+2
-5.7810E-2	5.8034E-1	1.4220E+3
-5.7575E-2	5.7913E-1	1.0020E+3
-5.7339E-2	5.7767E-1	1.5420E+3
-5.7104E-2	5.7816E-1	1.2210E+3
-5.6751E-2	5.7646E-1	9.9000E+2
-5.6516E-2	5.7718E-1	6.0900E+2
-5.6280E-2	5.7476E-1	5.7700E+2
-5.6045E-2	5.7330E-1	1.5370E+3
-5.5810E-2	5.7184E-1	1.1980E+3
-5.5574E-2	5.7135E-1	1.2740E+3
-5.5339E-2	5.7208E-1	1.4210E+3
-5.5104E-2	5.6893E-1	1.2980E+3
-5.4751E-2	5.6844E-1	8.0300E+2
-5.4516E-2	5.6771E-1	1.4060E+3
-5.4280E-2	5.6552E-1	2.3700E+2
-5.4045E-2	5.6504E-1	4.7100E+2
-5.3810E-2	5.6309E-1	9.6600E+2
-5.3574E-2	5.6261E-1	3.8300E+2
-5.3221E-2	5.6212E-1	6.5300E+2
-5.2986E-2	5.6237E-1	7.8900E+2
-5.2751E-2	5.5921E-1	9.4000E+2
-5.2515E-2	5.6018E-1	6.3600E+2
-5.2280E-2	5.5654E-1	1.1030E+3
-5.2045E-2	5.5605E-1	7.2800E+2
-5.1809E-2	5.5483E-1	1.4340E+3
-5.1456E-2	5.5435E-1	1.3100E+3
-5.1221E-2	5.5313E-1	1.0660E+3
-5.0986E-2	5.5216E-1	1.2750E+3
-5.0751E-2	5.5095E-1	1.1890E+3
-5.0515E-2	5.4900E-1	4.8900E+2
-5.0280E-2	5.4876E-1	9.0600E+2
-5.0045E-2	5.4658E-1	9.2100E+2
-4.9692E-2	5.4560E-1	9.7400E+2
-4.9456E-2	5.4730E-1	1.3000E+3
-4.9221E-2	5.4439E-1	6.1900E+2
-4.8986E-2	5.4439E-1	1.0180E+3
-4.8750E-2	5.4245E-1	1.2300E+3
-4.8515E-2	5.4245E-1	6.7600E+2
-4.8280E-2	5.4147E-1	6.8800E+2
-4.7927E-2	5.4026E-1	1.5860E+3
-4.7691E-2	5.3904E-1	1.2360E+3
-4.7456E-2	5.3929E-1	9.8700E+2
-4.7221E-2	5.3759E-1	1.0460E+3
-4.6986E-2	5.3443E-1	1.1180E+3
-4.6750E-2	5.3491E-1	2.3400E+2
-4.6397E-2	5.3394E-1	1.5550E+3
-4.6162E-2	5.3273E-1	1.3340E+3
-4.5927E-2	5.3273E-1	1.3160E+3
-4.5691E-2	5.3127E-1	1.9930E+3
-4.5456E-2	5.2884E-1	1.4220E+3
-4.5221E-2	5.2981E-1	1.4260E+3
-4.4985E-2	5.2690E-1	9.6500E+2
-4.4632E-2	5.2544E-1	1.1560E+3
-4.4397E-2	5.2471E-1	1.1960E+3
-4.4162E-2	5.2423E-1	1.0220E+3
-4.3927E-2	5.2350E-1	9.5600E+2
-4.3691E-2	5.2252E-1	1.8390E+3
-4.3456E-2	5.2180E-1	1.4290E+3
-4.3221E-2	5.2034E-1	8.2300E+2
-4.2868E-2	5.1791E-1	1.2860E+3
-4.2632E-2	5.1694E-1	1.5170E+3
-4.2397E-2	5.1888E-1	5.4800E+2
-4.2162E-2	5.1718E-1	1.0430E+3
-4.1926E-2	5.1597E-1	1.0370E+3
-4.1691E-2	5.1548E-1	1.2950E+3
-4.1338E-2	5.1354E-1	1.3310E+3
-4.1103E-2	5.1135E-1	1.5080E+3
-4.0867E-2	5.1232E-1	1.0690E+3
-4.0632E-2	5.1208E-1	1.3490E+3
-4.0397E-2	5.1014E-1	1.6820E+3
-4.0162E-2	5.0916E-1	1.1800E+3
-3.9926E-2	5.0819E-1	1.4430E+3
-3.9691E-2	5.0698E-1	1.6380E+3
-3.9338E-2	5.0601E-1	6.3800E+2
-3.9103E-2	5.0382E-1	1.3690E+3
-3.8867E-2	5.0260E-1	1.2450E+3
-3.8632E-2	5.0236E-1	1.0040E+3
-3.8397E-2	5.0115E-1	1.1920E+3
-3.8161E-2	5.0090E-1	9.3200E+2
-3.7926E-2	4.9945E-1	1.0110E+3
-3.7573E-2	4.9896E-1	1.1690E+3
-3.7338E-2	4.9726E-1	1.2530E+3
-3.7102E-2	4.9750E-1	1.5200E+3
-3.6867E-2	4.9775E-1	1.1740E+3
-3.6632E-2	4.9580E-1	1.6060E+3
-3.6279E-2	4.9629E-1	1.3240E+3
-3.6044E-2	4.9264E-1	1.4100E+3
-3.5808E-2	4.9337E-1	1.2650E+3
-3.5573E-2	4.9167E-1	6.2000E+2
-3.5338E-2	4.9094E-1	1.0810E+3
-3.5102E-2	4.8924E-1	8.4300E+2
-3.4867E-2	4.8900E-1	9.2900E+2
-3.4632E-2	4.8560E-1	9.2000E+2
-3.4279E-2	4.8876E-1	3.8400E+2
-3.4043E-2	4.8608E-1	1.1620E+3
-3.3808E-2	4.8438E-1	1.2800E+3
-3.3573E-2	4.8220E-1	9.9700E+2
-3.3337E-2	4.8268E-1	9.3500E+2
-3.3102E-2	4.8171E-1	1.0090E+3
-3.2867E-2	4.8171E-1	8.5600E+2
-3.2514E-2	4.8001E-1	1.0890E+3
-3.2279E-2	4.8001E-1	1.4310E+3
-3.2043E-2	4.7855E-1	9.3400E+2
-3.1808E-2	4.7734E-1	8.4500E+2
-3.1573E-2	4.7637E-1	4.8700E+2
-3.1337E-2	4.7540E-1	7.5800E+2
-3.0984E-2	4.7321E-1	1.6330E+3
-3.0749E-2	4.7370E-1	1.3880E+3
-3.0514E-2	4.7272E-1	8.3100E+2
-3.0278E-2	4.7370E-1	7.2700E+2
-3.0043E-2	4.7272E-1	1.3370E+3
-2.9808E-2	4.7078E-1	3.9000E+2
-2.9572E-2	4.6981E-1	1.6250E+3
-2.9220E-2	4.6981E-1	1.1800E+3
-2.8984E-2	4.6811E-1	1.2440E+3
-2.8749E-2	4.6835E-1	1.6450E+3
-2.8514E-2	4.6641E-1	1.5120E+3
-2.8278E-2	4.6641E-1	1.0900E+3
-2.8043E-2	4.6471E-1	9.4300E+2
-2.7808E-2	4.6495E-1	1.2080E+3
-2.7572E-2	4.6446E-1	1.1220E+3
-2.7219E-2	4.6228E-1	1.4840E+3
-2.6984E-2	4.6228E-1	6.0100E+2
-2.6749E-2	4.6228E-1	1.2070E+3
-2.6513E-2	4.6179E-1	9.2500E+2
-2.6278E-2	4.6009E-1	7.5200E+2
-2.6043E-2	4.5839E-1	1.1180E+3
-2.5690E-2	4.5912E-1	1.0200E+3
-2.5455E-2	4.5693E-1	7.4100E+2
-2.5219E-2	4.5815E-1	9.3600E+2
-2.4984E-2	4.5693E-1	7.6900E+2
-2.4749E-2	4.5693E-1	8.6500E+2
-2.4513E-2	4.5523E-1	1.1860E+3
-2.4160E-2	4.5475E-1	1.5760E+3
-2.3925E-2	4.5426E-1	1.2770E+3
-2.3690E-2	4.5256E-1	1.0650E+3
-2.3454E-2	4.5207E-1	1.5130E+3
-2.3219E-2	4.5135E-1	5.4800E+2
-2.2984E-2	4.5062E-1	2.9200E+2
-2.2748E-2	4.5183E-1	1.2040E+3
-2.2513E-2	4.4989E-1	8.3800E+2
-2.2160E-2	4.5086E-1	7.4700E+2
-2.1925E-2	4.4867E-1	9.0200E+2
-2.1690E-2	4.4892E-1	8.9700E+2
-2.1454E-2	4.4892E-1	7.0000E+2
-2.1219E-2	4.4770E-1	1.3540E+3
-2.0984E-2	4.4770E-1	1.1750E+3
-2.0748E-2	4.4624E-1	1.0840E+3
-2.0395E-2	4.4430E-1	8.8800E+2
-2.0160E-2	4.4430E-1	5.2300E+2
-1.9925E-2	4.4406E-1	7.2900E+2
-1.9689E-2	4.4381E-1	1.4100E+2
-1.9454E-2	4.4309E-1	1.3200E+3
-1.9101E-2	4.4236E-1	1.2720E+3
-1.8866E-2	4.4357E-1	1.1080E+3
-1.8630E-2	4.4114E-1	1.0500E+3
-1.8395E-2	4.4041E-1	7.3800E+2
-1.8160E-2	4.4066E-1	1.0830E+3
-1.7925E-2	4.3920E-1	6.1800E+2
-1.7689E-2	4.3920E-1	6.5500E+2
-1.7454E-2	4.3993E-1	9.1200E+2
-1.7101E-2	4.3871E-1	9.2200E+2
-1.6866E-2	4.3701E-1	9.3500E+2
-1.6630E-2	4.3871E-1	1.3030E+3
-1.6395E-2	4.3871E-1	9.8000E+2
-1.6160E-2	4.3628E-1	8.1300E+2
-1.5924E-2	4.3604E-1	9.1900E+2
-1.5689E-2	4.3701E-1	9.8800E+2
-1.5454E-2	4.3555E-1	1.1310E+3
-1.5101E-2	4.3580E-1	1.0100E+3
-1.4866E-2	4.3555E-1	1.3210E+3
-1.4630E-2	4.3604E-1	8.9500E+2
-1.4395E-2	4.3361E-1	4.1800E+2
-1.4160E-2	4.3288E-1	1.1440E+3
-1.3807E-2	4.3288E-1	4.8700E+2
-1.3571E-2	4.3313E-1	7.5000E+2
-1.3336E-2	4.3264E-1	1.1200E+3
-1.3101E-2	4.3142E-1	8.4000E+2
-1.2865E-2	4.3215E-1	9.7800E+2
-1.2630E-2	4.3045E-1	6.6300E+2
-1.2395E-2	4.3142E-1	1.0280E+3
-1.2042E-2	4.3215E-1	9.7800E+2
-1.1806E-2	4.3337E-1	7.8900E+2
-1.1571E-2	4.3191E-1	1.2880E+3
-1.1336E-2	4.3191E-1	3.8900E+2
-1.1101E-2	4.3070E-1	6.9900E+2
-1.0865E-2	4.3021E-1	6.7600E+2
-1.0630E-2	4.3021E-1	6.8400E+2
-1.0395E-2	4.2948E-1	9.6700E+2
-1.0042E-2	4.2900E-1	9.1400E+2
-9.8063E-3	4.2972E-1	7.9800E+2
-9.5710E-3	4.2972E-1	8.5300E+2
-9.3357E-3	4.2802E-1	8.4900E+2
-9.1004E-3	4.2924E-1	1.0100E+3
-8.8651E-3	4.2924E-1	1.2430E+3
-8.5121E-3	4.2900E-1	9.0500E+2
-8.2768E-3	4.2924E-1	8.9000E+2
-8.0415E-3	4.2802E-1	1.2690E+3
-7.8062E-3	4.2827E-1	9.8200E+2
-7.5708E-3	4.3045E-1	7.3500E+2
-7.3355E-3	4.2681E-1	9.8700E+2
-6.9826E-3	4.2827E-1	6.5900E+2
-6.7473E-3	4.2900E-1	8.7200E+2
-6.5119E-3	4.2851E-1	1.1240E+3
-6.2766E-3	4.2924E-1	4.7500E+2
-6.0413E-3	4.2924E-1	-8.9000E+1
-5.8060E-3	4.2802E-1	1.5000E+2
-5.5707E-3	4.2948E-1	1.0280E+3
-5.3354E-3	4.3021E-1	4.6700E+2
-4.9824E-3	4.3070E-1	1.5500E+2
-4.7471E-3	4.3215E-1	4.3500E+2
-4.5118E-3	4.3070E-1	3.5600E+2
-4.2765E-3	4.2924E-1	-1.3200E+2
-4.0412E-3	4.2997E-1	4.5700E+2
-3.8059E-3	4.3118E-1	1.8800E+2
-3.4529E-3	4.3385E-1	3.9700E+2
-3.2176E-3	4.3823E-1	9.0000E+1
-2.9823E-3	4.3677E-1	-1.4900E+2
-2.7470E-3	4.4066E-1	8.8000E+1
-2.5116E-3	4.4139E-1	1.9300E+2
-2.2763E-3	4.4284E-1	-4.6500E+2
-1.9234E-3	4.4503E-1	-9.3400E+2
-1.6881E-3	4.4989E-1	-1.1470E+3
-1.4527E-3	4.5572E-1	-1.1700E+3
-1.2174E-3	4.5815E-1	-1.2560E+3
-9.8212E-4	4.6058E-1	-6.4000E+2
-7.4681E-4	4.6033E-1	3.9000E+2
-5.1150E-4	4.6082E-1	3.3000E+2
-2.7618E-4	4.6131E-1	6.4700E+2
7.6783E-5	4.6009E-1	1.1940E+3
3.1209E-4	4.5645E-1	1.1780E+3
5.4741E-4	4.5669E-1	1.3100E+3
7.8272E-4	4.5450E-1	4.7200E+2
1.0180E-3	4.5353E-1	2.0100E+2
1.2533E-3	4.5329E-1	4.3900E+2
1.4887E-3	4.5377E-1	6.0200E+2
1.8416E-3	4.5523E-1	-1.6300E+2
2.0769E-3	4.5499E-1	1.6000E+2
2.3122E-3	4.5645E-1	2.5400E+2
2.5476E-3	4.5766E-1	9.8800E+2
2.7829E-3	4.5742E-1	3.3300E+2
3.0182E-3	4.5572E-1	3.1900E+2
3.3711E-3	4.5669E-1	5.9600E+2
3.6065E-3	4.5790E-1	1.0030E+3
3.8418E-3	4.5669E-1	3.5400E+2
4.0771E-3	4.5790E-1	-4.0000E+1
4.3124E-3	4.6082E-1	-2.6800E+2
4.5477E-3	4.6179E-1	-4.1400E+2
4.7830E-3	4.6471E-1	-2.6400E+2
5.1360E-3	4.6859E-1	-7.1400E+2
5.3713E-3	4.7127E-1	-1.0210E+3
5.6066E-3	4.7612E-1	-8.7100E+2
5.8419E-3	4.8268E-1	-7.2800E+2
6.0772E-3	4.8487E-1	-4.9300E+2
6.3125E-3	4.8511E-1	-2.5000E+2
6.5479E-3	4.8487E-1	5.0600E+2
6.7832E-3	4.8390E-1	1.4250E+3
7.1361E-3	4.8147E-1	1.1000E+3
7.3714E-3	4.7904E-1	1.2200E+3
7.6068E-3	4.7612E-1	6.3900E+2
7.8421E-3	4.7321E-1	-4.8400E+2
8.0774E-3	4.7394E-1	-4.4800E+2
8.4303E-3	4.7418E-1	-9.8700E+2
8.6657E-3	4.7540E-1	-6.9300E+2
8.9010E-3	4.7515E-1	-8.9200E+2
9.1363E-3	4.7612E-1	-5.1000E+2
9.3716E-3	4.7588E-1	7.9000E+2
9.6069E-3	4.7248E-1	1.1470E+3
9.8422E-3	4.7224E-1	2.3740E+3
1.0078E-2	4.6981E-1	1.9510E+3
1.0430E-2	4.6471E-1	2.8840E+3
1.0666E-2	4.6349E-1	2.5380E+3
1.0901E-2	4.6252E-1	2.3220E+3
1.1136E-2	4.5790E-1	2.1940E+3
1.1372E-2	4.5523E-1	1.9550E+3
1.1607E-2	4.5207E-1	1.1040E+3
1.1842E-2	4.5086E-1	9.3200E+2
1.2195E-2	4.4940E-1	1.1260E+3
1.2431E-2	4.4916E-1	6.1200E+2
1.2666E-2	4.4722E-1	8.9900E+2
1.2901E-2	4.4552E-1	7.2200E+2
1.3137E-2	4.4479E-1	9.0300E+2
1.3372E-2	4.4479E-1	5.0500E+2
1.3725E-2	4.4624E-1	2.4200E+2
1.3960E-2	4.4454E-1	8.5000E+1
1.4195E-2	4.4552E-1	4.2600E+2
1.4431E-2	4.4624E-1	8.1300E+2
1.4666E-2	4.4722E-1	2.3200E+2
1.4901E-2	4.4673E-1	-2.4300E+2
1.5137E-2	4.4746E-1	-3.8700E+2
1.5490E-2	4.4843E-1	-6.1000E+2
1.5725E-2	4.4794E-1	9.1000E+1
1.5960E-2	4.5013E-1	1.2600E+2
1.6196E-2	4.4940E-1	-9.9000E+1
1.6431E-2	4.4964E-1	-2.4200E+2
1.6666E-2	4.5086E-1	7.1100E+2
1.6902E-2	4.5013E-1	1.0720E+3
1.7255E-2	4.4794E-1	1.2670E+3
1.7490E-2	4.4770E-1	1.1260E+3
1.7725E-2	4.4722E-1	6.8500E+2
1.7960E-2	4.4503E-1	6.2100E+2
1.8196E-2	4.4576E-1	4.8100E+2
1.8431E-2	4.4503E-1	6.2400E+2
1.8666E-2	4.4406E-1	2.9100E+2
1.9019E-2	4.4333E-1	6.5300E+2
1.9255E-2	4.4454E-1	7.0000E+2
1.9490E-2	4.4284E-1	9.3700E+2
1.9725E-2	4.4211E-1	5.6500E+2
1.9961E-2	4.4236E-1	5.1800E+2
2.0196E-2	4.4236E-1	4.1200E+2
2.0549E-2	4.4211E-1	4.4800E+2
2.0784E-2	4.4406E-1	6.7700E+2
2.1020E-2	4.4357E-1	4.6200E+2
2.1255E-2	4.4236E-1	7.2400E+2
2.1490E-2	4.4333E-1	8.6400E+2
2.1725E-2	4.4357E-1	6.7400E+2
2.1961E-2	4.4211E-1	-8.6000E+1
2.2196E-2	4.4430E-1	5.0200E+2
2.2549E-2	4.4454E-1	1.3100E+2
2.2784E-2	4.4381E-1	-4.8000E+1
2.3020E-2	4.4454E-1	5.4000E+1
2.3255E-2	4.4479E-1	3.2800E+2
2.3490E-2	4.4503E-1	2.6200E+2
2.3726E-2	4.4624E-1	-9.8000E+1
2.3961E-2	4.4357E-1	2.3500E+2
2.4314E-2	4.4649E-1	8.1100E+2
2.4549E-2	4.4479E-1	5.5900E+2
2.4785E-2	4.4649E-1	-1.4300E+2
2.5020E-2	4.4600E-1	4.9300E+2
2.5255E-2	4.4819E-1	4.6400E+2
2.5608E-2	4.4916E-1	8.8700E+2
2.5843E-2	4.4819E-1	-1.3500E+2
2.6079E-2	4.4770E-1	1.9400E+2
2.6314E-2	4.4940E-1	2.8300E+2
2.6549E-2	4.5013E-1	1.4800E+2
2.6785E-2	4.5062E-1	1.4300E+2
2.7020E-2	4.5062E-1	4.2800E+2
2.7255E-2	4.5110E-1	-1.8800E+2
2.7608E-2	4.5135E-1	6.8000E+1
2.7844E-2	4.5207E-1	5.2800E+2
2.8079E-2	4.5305E-1	3.1100E+2
2.8314E-2	4.5305E-1	-6.3000E+1
2.8550E-2	4.5499E-1	4.7500E+2
2.8785E-2	4.5523E-1	4.9000E+1
2.9020E-2	4.5572E-1	-5.0500E+2
2.9373E-2	4.5523E-1	-4.6500E+2
2.9608E-2	4.5645E-1	-9.4000E+2
2.9844E-2	4.5596E-1	1.9000E+1
3.0079E-2	4.5815E-1	-2.0100E+2
3.0314E-2	4.5790E-1	-1.5200E+2
3.0550E-2	4.5839E-1	2.9200E+2
3.0903E-2	4.6155E-1	-1.6600E+2
3.1138E-2	4.5839E-1	-1.8300E+2
3.1373E-2	4.6155E-1	2.3800E+2
3.1609E-2	4.6106E-1	-4.3600E+2
3.1844E-2	4.6106E-1	-4.1900E+2
3.2079E-2	4.6422E-1	9.6000E+1
3.2314E-2	4.6325E-1	-4.3100E+2
3.2667E-2	4.6568E-1	-1.4000E+1
3.2903E-2	4.6519E-1	-8.8700E+2
3.3138E-2	4.6616E-1	-9.9300E+2
3.3373E-2	4.6544E-1	-5.3000E+2
3.3609E-2	4.6835E-1	9.1000E+1
3.3844E-2	4.6714E-1	-1.2200E+2
3.4079E-2	4.6859E-1	3.3200E+2
3.4315E-2	4.6932E-1	2.2700E+2
3.4668E-2	4.7005E-1	-9.3800E+2
3.4903E-2	4.7029E-1	-4.3900E+2
3.5138E-2	4.7151E-1	-5.8000E+1
3.5374E-2	4.7248E-1	-1.0430E+3
3.5609E-2	4.7394E-1	8.7000E+1
3.5962E-2	4.7442E-1	4.3900E+2
3.6197E-2	4.7710E-1	1.1300E+2
3.6432E-2	4.7467E-1	1.4000E+2
3.6668E-2	4.7612E-1	-3.6600E+2
3.6903E-2	4.7540E-1	5.0600E+2
3.7138E-2	4.7807E-1	-1.0430E+3
3.7374E-2	4.7977E-1	2.0000E+1
3.7727E-2	4.8025E-1	1.5000E+1
3.7962E-2	4.8025E-1	-4.1700E+2
3.8197E-2	4.8244E-1	-8.1200E+2
3.8433E-2	4.8244E-1	-6.4200E+2
3.8668E-2	4.8293E-1	-1.6700E+2
3.8903E-2	4.8293E-1	-4.1600E+2
3.9139E-2	4.8390E-1	-1.6300E+2
3.9374E-2	4.8366E-1	-2.9000E+2
3.9727E-2	4.8633E-1	-3.2100E+2
3.9962E-2	4.8827E-1	-2.7200E+2
4.0197E-2	4.8851E-1	-5.7000E+1
4.0433E-2	4.8900E-1	-3.2700E+2
4.0668E-2	4.9021E-1	-4.3000E+2
4.0903E-2	4.8997E-1	-4.8200E+2
4.1256E-2	4.9070E-1	-7.8300E+2
4.1492E-2	4.9337E-1	4.2100E+2
4.1727E-2	4.9434E-1	-1.0970E+3
4.1962E-2	4.9459E-1	-2.3700E+2
4.2198E-2	4.9532E-1	3.6100E+2
4.2433E-2	4.9532E-1	-5.4500E+2
4.2786E-2	4.9726E-1	-4.4300E+2
4.3021E-2	4.9823E-1	-2.1400E+2
4.3256E-2	4.9969E-1	-1.9200E+2
4.3492E-2	4.9969E-1	-1.0410E+3
4.3727E-2	5.0115E-1	-5.2400E+2
4.3962E-2	5.0163E-1	-9.5400E+2
4.4198E-2	5.0285E-1	-7.3900E+2
4.4433E-2	5.0285E-1	-5.9500E+2
4.4786E-2	5.0406E-1	-3.6500E+2
4.5021E-2	5.0576E-1	-9.1100E+2
4.5257E-2	5.0503E-1	-5.3000E+2
4.5492E-2	5.0892E-1	-7.1100E+2
4.5727E-2	5.0868E-1	-4.6000E+2
4.5963E-2	5.0892E-1	-5.0600E+2
4.6198E-2	5.1086E-1	-5.9600E+2
4.6551E-2	5.1159E-1	-3.1600E+2
4.6786E-2	5.1159E-1	-4.8900E+2
4.7021E-2	5.1451E-1	-5.9800E+2
4.7257E-2	5.1378E-1	-7.1700E+2
4.7492E-2	5.1597E-1	-5.0100E+2
4.7845E-2	5.1621E-1	-8.6900E+2
4.8080E-2	5.1864E-1	-3.7700E+2
4.8316E-2	5.1912E-1	-8.9400E+2
4.8551E-2	5.1937E-1	-4.1200E+2
4.8786E-2	5.2010E-1	-1.0050E+3
4.9022E-2	5.2301E-1	-2.8100E+2
4.9257E-2	5.2204E-1	-2.0800E+2
4.9492E-2	5.2471E-1	-7.5800E+2
4.9845E-2	5.2398E-1	-7.0600E+2
5.0081E-2	5.2593E-1	-3.8000E+2
5.0316E-2	5.2593E-1	-7.9000E+1
5.0551E-2	5.2763E-1	-6.8600E+2
5.0786E-2	5.2665E-1	-5.8400E+2
5.1022E-2	5.3030E-1	-2.9300E+2
5.1257E-2	5.3030E-1	-2.7000E+2
5.1492E-2	5.3103E-1	-2.1300E+2
5.1845E-2	5.3127E-1	-8.9400E+2
5.2081E-2	5.3370E-1	8.0000E+1
5.2316E-2	5.3370E-1	-5.2400E+2
5.2551E-2	5.3491E-1	-6.2400E+2
5.2787E-2	5.3759E-1	-7.4000E+2
5.3140E-2	5.3613E-1	-2.6100E+2
5.3375E-2	5.3977E-1	-5.1000E+2
5.3610E-2	5.3832E-1	-8.0100E+2
5.3846E-2	5.4147E-1	-1.1830E+3
5.4081E-2	5.4123E-1	-5.2600E+2
5.4316E-2	5.4220E-1	-2.3400E+2
5.4551E-2	5.4293E-1	-4.0900E+2
5.4904E-2	5.4585E-1	-7.5400E+2
5.5140E-2	5.4706E-1	-6.6000E+2
5.5375E-2	5.4633E-1	-8.9500E+2
5.5610E-2	5.4706E-1	2.1500E+2
5.5846E-2	5.4876E-1	-8.3100E+2
5.6081E-2	5.4998E-1	-9.1300E+2
5.6316E-2	5.5216E-1	-2.8100E+2
5.6552E-2	5.5362E-1	-5.8000E+2
5.6905E-2	5.5241E-1	-5.4700E+2
5.7140E-2	5.5411E-1	-3.7000E+2
5.7375E-2	5.5678E-1	-5.5300E+2
5.7611E-2	5.5702E-1	-6.9400E+2
5.7846E-2	5.5629E-1	-4.9100E+2
5.8081E-2	5.5848E-1	-8.3400E+2
5.8434E-2	5.5896E-1	-8.8100E+2
5.8669E-2	5.6139E-1	-5.2900E+2
5.8905E-2	5.6212E-1	-9.3100E+2
5.9140E-2	5.6212E-1	-9.4200E+2
5.9375E-2	5.6382E-1	-1.9800E+2
5.9611E-2	5.6577E-1	-9.7600E+2
5.9964E-2	5.6528E-1	-7.3200E+2
6.0199E-2	5.6552E-1	-7.9200E+2
6.0434E-2	5.6650E-1	-8.9500E+2
6.0670E-2	5.6795E-1	-5.0100E+2
6.0905E-2	5.6917E-1	-1.9600E+2
6.1140E-2	5.7208E-1	-8.3800E+2
6.1375E-2	5.7257E-1	-8.9000E+2
6.1611E-2	5.7208E-1	-1.1370E+3
6.1964E-2	5.7305E-1	-5.2000E+2
6.2199E-2	5.7500E-1	-7.7800E+2
6.2434E-2	5.7597E-1	-1.0340E+3
6.2670E-2	5.7646E-1	-7.8100E+2
6.2905E-2	5.7840E-1	-1.2480E+3
6.3140E-2	5.8059E-1	-2.9600E+2
6.3376E-2	5.8156E-1	-2.3900E+2
6.3729E-2	5.8180E-1	-1.1150E+3
6.3964E-2	5.8374E-1	-1.0360E+3
6.4199E-2	5.8326E-1	-9.4500E+2
6.4435E-2	5.8544E-1	-4.8300E+2
6.4670E-2	5.8496E-1	-3.6100E+2
6.4905E-2	5.8763E-1	-7.8500E+2
6.5258E-2	5.8666E-1	-8.0500E+2
6.5493E-2	5.8885E-1	-1.1860E+3
6.5729E-2	5.9127E-1	-6.7200E+2
6.5964E-2	5.9127E-1	-9.9300E+2
6.6199E-2	5.9298E-1	-5.0700E+2
6.6435E-2	5.9540E-1	-5.9300E+2
6.6670E-2	5.9395E-1	-1.2110E+3
6.6905E-2	5.9540E-1	-1.0250E+3
6.7258E-2	5.9565E-1	-9.0600E+2
6.7494E-2	5.9638E-1	-2.3500E+2
6.7729E-2	5.9832E-1	-7.6100E+2
6.7964E-2	5.9856E-1	-1.2690E+3
6.8200E-2	6.0124E-1	-6.8500E+2
6.8435E-2	6.0075E-1	-9.9700E+2
6.8788E-2	6.0196E-1	-7.3800E+2
6.9023E-2	6.0318E-1	-1.0380E+3
6.9258E-2	6.0415E-1	-1.1430E+3
6.9494E-2	6.0512E-1	-6.8800E+2
6.9729E-2	6.0755E-1	-9.6300E+2
6.9964E-2	6.0731E-1	-9.4600E+2
7.0317E-2	6.0828E-1	-2.4900E+2
7.0553E-2	6.1047E-1	-6.8400E+2
7.0788E-2	6.1022E-1	-7.2700E+2
7.1023E-2	6.1168E-1	-6.7100E+2
7.1259E-2	6.1265E-1	-9.0900E+2
7.1494E-2	6.1435E-1	-7.2900E+2
7.1729E-2	6.1508E-1	-1.0060E+3
7.1965E-2	6.1581E-1	-3.4200E+2
7.2317E-2	6.1775E-1	-8.4300E+2
7.2553E-2	6.1703E-1	-4.4800E+2
7.2788E-2	6.1678E-1	-8.7800E+2
7.3023E-2	6.1824E-1	-6.3300E+2
7.3259E-2	6.2067E-1	-1.3490E+3
7.3494E-2	6.2286E-1	-9.8200E+2
7.3729E-2	6.2116E-1	-6.9400E+2
7.4082E-2	6.2188E-1	-7.9800E+2
7.4318E-2	6.2358E-1	-7.3600E+2
7.4553E-2	6.2504E-1	-9.6200E+2
7.4788E-2	6.2650E-1	-7.8700E+2
7.5024E-2	6.2844E-1	-1.3150E+3
7.5377E-2	6.2917E-1	-9.7400E+2
7.5612E-2	6.2869E-1	-6.0800E+2
7.5847E-2	6.3063E-1	-1.1810E+3
7.6082E-2	6.3112E-1	-1.1010E+3
7.6318E-2	6.3233E-1	-6.0300E+2
7.6553E-2	6.3355E-1	-3.7100E+2
7.6788E-2	6.3452E-1	-8.4700E+2
7.7024E-2	6.3573E-1	-1.3380E+3
7.7377E-2	6.3622E-1	-8.6400E+2
7.7612E-2	6.3670E-1	-6.7500E+2
7.7847E-2	6.3792E-1	-1.5490E+3
7.8083E-2	6.3986E-1	-1.1030E+3
7.8318E-2	6.4010E-1	-9.6200E+2
7.8553E-2	6.4132E-1	-9.2100E+2
7.8789E-2	6.4229E-1	-3.6500E+2
7.9024E-2	6.4472E-1	-1.1240E+3
7.9377E-2	6.4253E-1	-4.4800E+2
7.9612E-2	6.4375E-1	-1.0440E+3
7.9847E-2	6.4569E-1	-1.2560E+3
8.0083E-2	6.4666E-1	-6.6000E+2
8.0318E-2	6.4764E-1	-9.0900E+2
8.0671E-2	6.4764E-1	-8.8400E+2
8.0906E-2	6.4764E-1	-5.5200E+2
8.1142E-2	6.4885E-1	-4.7500E+2
8.1377E-2	6.5104E-1	-9.8100E+2
8.1612E-2	6.5104E-1	-7.9200E+2
8.1848E-2	6.5298E-1	-6.2100E+2
8.2083E-2	6.5177E-1	-1.5700E+2
8.2436E-2	6.5371E-1	-9.1600E+2
8.2671E-2	6.5590E-1	-6.8500E+2
8.2907E-2	6.5614E-1	-7.1000E+2
8.3142E-2	6.5565E-1	-8.1200E+2
8.3377E-2	6.5687E-1	-6.0100E+2
8.3612E-2	6.5832E-1	-1.2290E+3
8.3848E-2	6.5832E-1	-1.0070E+3
8.4083E-2	6.6075E-1	-9.7400E+2
8.4436E-2	6.6002E-1	-9.0000E+2
8.4671E-2	6.6148E-1	-1.2650E+3
8.4907E-2	6.6367E-1	-8.2600E+2
8.5142E-2	6.6367E-1	-6.2600E+2
8.5377E-2	6.6415E-1	-4.5400E+2
8.5613E-2	6.6586E-1	-1.8400E+2
8.5966E-2	6.6707E-1	-6.3800E+2
8.6201E-2	6.6634E-1	-8.4200E+2
8.6436E-2	6.6610E-1	-1.1010E+3
8.6671E-2	6.6853E-1	-9.0100E+2
8.6907E-2	6.7071E-1	-1.1460E+3
8.7142E-2	6.7071E-1	-1.2950E+3
8.7495E-2	6.6999E-1	-1.0060E+3
8.7730E-2	6.7169E-1	-7.4200E+2
8.7966E-2	6.7339E-1	-1.3900E+2
8.8201E-2	6.7314E-1	-7.7900E+2
8.8436E-2	6.7606E-1	-7.9200E+2
8.8672E-2	6.7606E-1	-8.2700E+2
8.8907E-2	6.7630E-1	-5.6500E+2
8.9142E-2	6.7897E-1	-3.8700E+2
8.9495E-2	6.7946E-1	-7.8900E+2
8.9731E-2	6.7800E-1	-1.4970E+3
8.9966E-2	6.7922E-1	-1.0420E+3
9.0201E-2	6.8043E-1	-1.0540E+3
9.0436E-2	6.8092E-1	-8.8100E+2
9.0672E-2	6.8165E-1	-3.7600E+2
9.0907E-2	6.8262E-1	-1.4660E+3
9.1260E-2	6.8408E-1	-1.1590E+3
9.1495E-2	6.8578E-1	-7.7600E+2
9.1731E-2	6.8408E-1	-2.0100E+2
9.1966E-2	6.8432E-1	-2.7700E+2
9.2201E-2	6.8650E-1	-1.3180E+3
9.2437E-2	6.8699E-1	-1.0420E+3
9.2790E-2	6.8821E-1	-1.2600E+2
9.3025E-2	6.8772E-1	-1.3200E+3
9.3260E-2	6.8991E-1	-4.0900E+2
9.3496E-2	6.8918E-1	-8.8800E+2
9.3731E-2	6.8966E-1	-7.5800E+2
9.3966E-2	6.8869E-1	1.3800E+2
9.4201E-2	6.9209E-1	-7.7400E+2
9.4554E-2	6.9233E-1	-6.9000E+2
9.4790E-2	6.9306E-1	-1.0310E+3
9.5025E-2	6.9233E-1	-1.0220E+3
9.5260E-2	6.9306E-1	-7.0200E+2
9.5496E-2	6.9476E-1	-7.2400E+2
9.5731E-2	6.9428E-1	-6.0300E+2
9.5966E-2	6.9671E-1	-2.3600E+2
9.6202E-2	6.9792E-1	-5.0800E+2
9.6555E-2	6.9841E-1	-9.1000E+2
9.6790E-2	6.9865E-1	-7.7800E+2
9.7025E-2	6.9865E-1	-1.9400E+2
9.7261E-2	6.9938E-1	-5.0500E+2
9.7496E-2	7.0011E-1	-6.6100E+2
9.7849E-2	7.0011E-1	-9.4900E+2
9.8084E-2	7.0084E-1	-3.9000E+2
9.8319E-2	7.0205E-1	-4.4300E+2
9.8555E-2	7.0302E-1	-9.3900E+2
9.8790E-2	7.0302E-1	-9.5800E+2
9.9025E-2	7.0230E-1	-7.8400E+2
9.9261E-2	7.0448E-1	-5.4900E+2
9.9614E-2	7.0618E-1	-7.3900E+2
9.9849E-2	7.0594E-1	-8.7900E+2
1.0008E-1	7.0643E-1	-8.1800E+2
1.0032E-1	7.0691E-1	-5.4600E+2
1.0055E-1	7.0740E-1	-8.9500E+2
1.0079E-1	7.0764E-1	-7.4700E+2
1.0103E-1	7.0813E-1	-4.9400E+2
1.0126E-1	7.0910E-1	-5.2800E+2
1.0161E-1	7.0983E-1	-9.1400E+2
1.0185E-1	7.0934E-1	-1.2050E+3
1.0208E-1	7.1055E-1	-4.8600E+2
1.0232E-1	7.1226E-1	-6.4700E+2
1.0256E-1	7.1274E-1	-9.2000E+2
1.0279E-1	7.1153E-1	-3.5100E+2
1.0314E-1	7.1347E-1	-1.0210E+3
1.0338E-1	7.1371E-1	-4.0600E+2
1.0361E-1	7.1274E-1	-4.3000E+1
1.0385E-1	7.1541E-1	-7.0600E+2
1.0408E-1	7.1493E-1	-6.5300E+2
1.0432E-1	7.1687E-1	-8.6600E+2
1.0456E-1	7.1468E-1	-8.9600E+2
1.0491E-1	7.1687E-1	-4.6300E+2
1.0514E-1	7.1639E-1	-6.4500E+2
1.0538E-1	7.1809E-1	-4.2600E+2
1.0561E-1	7.1833E-1	-8.4200E+2
1.0585E-1	7.1881E-1	-4.3600E+2
1.0608E-1	7.2052E-1	-5.7200E+2
1.0632E-1	7.1954E-1	-1.0700E+2
1.0667E-1	7.1979E-1	-1.5800E+2
1.0691E-1	7.1954E-1	-7.2700E+2
1.0714E-1	7.2027E-1	-1.0500E+2
1.0738E-1	7.2149E-1	-6.3900E+2
1.0761E-1	7.2027E-1	-1.1270E+3
1.0785E-1	7.2246E-1	-6.2600E+2
1.0820E-1	7.2270E-1	-4.8700E+2
1.0844E-1	7.2392E-1	-5.1200E+2
1.0867E-1	7.2562E-1	-7.5300E+2
1.0891E-1	7.2465E-1	-8.4500E+2
1.0914E-1	7.2465E-1	-7.3000E+2
1.0938E-1	7.2537E-1	-8.3500E+2
1.0961E-1	7.2683E-1	-4.1600E+2
1.0997E-1	7.2610E-1	-1.9100E+3
1.1020E-1	7.2586E-1	-3.5600E+2
1.1044E-1	7.2780E-1	-4.0700E+2
1.1067E-1	7.2586E-1	-7.8600E+2
1.1091E-1	7.2756E-1	-9.2700E+2
1.1114E-1	7.2829E-1	-7.1100E+2
1.1138E-1	7.2877E-1	-6.4100E+2
1.1173E-1	7.3096E-1	-1.7100E+2
1.1197E-1	7.3048E-1	-9.0700E+2
1.1220E-1	7.2877E-1	-3.0000E+0
1.1244E-1	7.3096E-1	-4.0100E+2
1.1267E-1	7.2975E-1	-6.6300E+2
1.1291E-1	7.2926E-1	-5.7500E+2
1.1314E-1	7.3023E-1	-1.0700E+3
1.1350E-1	7.3242E-1	-6.3300E+2
1.1373E-1	7.3193E-1	-6.8900E+2
1.1397E-1	7.3023E-1	-4.8000E+2
1.1420E-1	7.3315E-1	-5.6000E+2
1.1444E-1	7.3218E-1	-7.7900E+2
1.1467E-1	7.3315E-1	6.9000E+1
1.1503E-1	7.3315E-1	-1.1610E+3
1.1526E-1	7.3436E-1	-3.0500E+2
1.1550E-1	7.3485E-1	-1.5300E+2
1.1573E-1	7.3606E-1	-9.2600E+2
1.1597E-1	7.3558E-1	-5.1800E+2
1.1620E-1	7.3412E-1	-3.7800E+2
1.1644E-1	7.3606E-1	-5.2100E+2
1.1667E-1	7.3558E-1	-6.1300E+2
1.1703E-1	7.3631E-1	-9.5500E+2
1.1726E-1	7.3679E-1	-1.0020E+3
1.1750E-1	7.3606E-1	-7.3000E+2
1.1773E-1	7.3655E-1	-7.5700E+2
1.1797E-1	7.3655E-1	-5.4900E+2
1.1820E-1	7.3874E-1	-4.0500E+2
1.1844E-1	7.3849E-1	-7.1500E+2
1.1879E-1	7.3898E-1	-5.4900E+2
1.1903E-1	7.3874E-1	-8.9600E+2
1.1926E-1	7.3995E-1	-4.9200E+2
1.1950E-1	7.4141E-1	-6.7200E+2
1.1973E-1	7.3946E-1	-8.5200E+2
1.2009E-1	7.4141E-1	-9.7200E+2
1.2032E-1	7.4214E-1	-1.1530E+3
1.2056E-1	7.4044E-1	-1.1560E+3
1.2079E-1	7.4189E-1	-6.1900E+2
1.2103E-1	7.4116E-1	-3.2900E+2
1.2126E-1	7.4165E-1	-3.0300E+2
1.2150E-1	7.4335E-1	-7.0900E+2
1.2173E-1	7.4262E-1	-5.8400E+2
1.2209E-1	7.4262E-1	-5.0800E+2
1.2232E-1	7.4262E-1	-6.2300E+2
1.2256E-1	7.4359E-1	-3.7400E+2
1.2279E-1	7.4262E-1	-1.2240E+3
1.2303E-1	7.4408E-1	-4.9400E+2
1.2326E-1	7.4457E-1	-7.6800E+2
1.2350E-1	7.4554E-1	-7.5600E+2
1.2385E-1	7.4432E-1	-7.1300E+2
1.2409E-1	7.4578E-1	-6.1200E+2
1.2432E-1	7.4529E-1	-1.4800E+2
